                -1.5000000000000                 0.0003585905632                 0.0000148405758                 0.0000593569692                 0.0000000000000                -0.0000148300566                 0.0000000000000                -0.0000148300585
                -1.4800000000000                 0.0005806485240                 0.0000240493304                 0.0000961833172                 0.0000000000000                -0.0000240322744                -0.0000000000000                -0.0000240322825
                -1.4600000000000                 0.0009393133294                 0.0000389534722                 0.0001557771615                 0.0000000000000                -0.0000389258213                -0.0000000000000                -0.0000389258557
                -1.4400000000000                 0.0015171753076                 0.0000630452565                 0.0002520848764                 0.0000000000002                -0.0000630004391                -0.0000000000000                -0.0000630005850
                -1.4200000000000                 0.0024444666394                 0.0001019101904                 0.0004073897657                 0.0000000000015                -0.0001018375751                 0.0000000000000                -0.0001018381898
                -1.4000000000000                 0.0039230017475                 0.0001644066040                 0.0006569741807                 0.0000000000102                -0.0001642890164                -0.0000000000000                -0.0001642915879
                -1.3800000000000                 0.0062568468569                 0.0002643964714                 0.0010559032027                 0.0000000000673                -0.0002642062325                -0.0000000000000                -0.0002642168647
                -1.3600000000000                 0.0098837344692                 0.0004231217481                 0.0016881946753                 0.0000000004346                -0.0004228144106                -0.0000000000001                -0.0004228575830
                -1.3400000000000                 0.0153887927037                 0.0006721030637                 0.0026776510133                 0.0000000027027                -0.0006716076625                -0.0000000000014                -0.0006717782156
                -1.3200000000000                 0.0234633275842                 0.0010559246716                 0.0041974047294                 0.0000000158904                -0.0010551289885                -0.0000000000206                -0.0010557761814
                -1.3000000000000                 0.0347613646604                 0.0016334714494                 0.0064719537102                 0.0000000863728                -0.0016322014723                -0.0000000002671                -0.0016345232533
                -1.2800000000000                 0.0496442853868                 0.0024756120176                 0.0097636241205                 0.0000004234676                -0.0024736113566                -0.0000000029787                -0.0024813508225
                -1.2600000000000                 0.0679144470925                 0.0036580734779                 0.0143400171244                 0.0000018313537                -0.0036550189579                -0.0000000276074                -0.0036786248662
                -1.2400000000000                 0.0887370060297                 0.0052507857255                 0.0204316843833                 0.0000068845225                -0.0052464608761                -0.0000002070490                -0.0053117054773
                -1.2200000000000                 0.1108650835553                 0.0073073799135                 0.0282000568183                 0.0000224193654                -0.0073022175899                -0.0000012417507                -0.0074653735945
                -1.2000000000000                 0.1330415618889                 0.0098581473316                 0.0377309956038                 0.0000637284155                -0.0098540573147                -0.0000059822600                -0.0102255881356
                -1.1800000000000                 0.1543321356796                 0.0129072218499                 0.0490530310224                 0.0001606116647                -0.0129071957978                -0.0000235692878                -0.0136871190273
                -1.1600000000000                 0.1742654569972                 0.0164329456833                 0.0621691484009                 0.0003659678719                -0.0164349624744                -0.0000779649935                -0.0179674711277
                -1.1400000000000                 0.1928270818830                 0.0203902027851                 0.0770944225892                 0.0007694340476                -0.0203663811973                -0.0002230897480                -0.0232304033558
                -1.1200000000000                 0.2104184146350                 0.0247141573136                 0.0939025886663                 0.0015221224123                -0.0245575920042                -0.0005689142732                -0.0297274880650
                -1.1000000000000                 0.2278732253440                 0.0293265526577                 0.1127967120696                 0.0028851481371                -0.0287265011763                -0.0013290486888                -0.0378735651281
                -1.0800000000000                 0.2465517522078                 0.0341511888157                 0.1342260824629                 0.0053226269847                -0.0323019820313                -0.0029070552845                -0.0483709584864
                -1.0600000000000                 0.2680839066629                 0.0391603896014                 0.1589915779367                 0.0096117775743                -0.0341421248162                -0.0059819951420                -0.0622679340103
                -1.0400000000000                 0.2916216872181                 0.0444638579829                 0.1877006108718                 0.0165043319851                -0.0326486948773                -0.0111113794994                -0.0800991274029
                -1.0200000000000                 0.3106027092214                 0.0502204095424                 0.2190217904863                 0.0253409119445                -0.0278279471728                -0.0174245026133                -0.0998344334151
                -1.0000000000000                 0.3215878790149                 0.0563610240480                 0.2507450687270                 0.0345390783752                -0.0217570704139                -0.0234356915378                -0.1188785519986
                -0.9800000000000                 0.3271752275433                 0.0627332389513                 0.2820864882582                 0.0434132744505                -0.0157886441342                -0.0287401633724                -0.1367049660691
                -0.9600000000000                 0.3300086939376                 0.0692491652764                 0.3130472229070                 0.0518881435513                -0.0103129220591                -0.0334743563825                -0.1536237254404
                -0.9400000000000                 0.3314895702633                 0.0758698379347                 0.3437515147250                 0.0600170423284                -0.0054057752355                -0.0378181155470                -0.1699551425225
                -0.9200000000000                 0.3322887286215                 0.0825818644042                 0.3743052995922                 0.0678495256374                -0.0010855690969                -0.0419054793656                -0.1859188154470
                -0.9000000000000                 0.3327317522326                 0.0893867248756                 0.4047864012436                 0.0753951785999                 0.0025997316366                -0.0458297259126                -0.2016582121317
                -0.8800000000000                 0.3329826016457                 0.0962946794889                 0.4352522645976                 0.0825906331757                 0.0055114736218                -0.0496558330082                -0.2172684742039
                -0.8600000000000                 0.3331269788124                 0.1033176908897                 0.4657458594254                 0.0892441110734                 0.0073309947872                -0.0534265863273                -0.2328136300107
                -0.8400000000000                 0.3332111351616                 0.1104555924474                 0.4962972097255                 0.0949577431549                 0.0074167010870                -0.0571582621121                -0.2483351057978
                -0.8200000000000                 0.3332606915468                 0.1176633394028                 0.5269194453659                 0.0990880083530                 0.0046453360655                -0.0608156889777                -0.2638528010287
                -0.8000000000000                 0.3332901500504                 0.1247617690177                 0.5575884090474                 0.1009269439633                -0.0025280833426                -0.0642355635125                -0.2793515636935
                -0.7800000000000                 0.3333079157892                 0.1311568208505                 0.5881155929745                 0.1002544898624                -0.0153015059000                -0.0669240894715                -0.2946936579551
                -0.7600000000000                 0.3333192130569                 0.1349726329373                 0.6173995530239                 0.0978569550153                -0.0326610875535                -0.0677126833325                -0.3091316500963
                -0.7400000000000                 0.3333282934881                 0.1318352303119                 0.6409385664073                 0.0956535323791                -0.0485409644919                -0.0653446904000                -0.3197226379204
                -0.7200000000000                 0.3333388469499                 0.1182199525594                 0.6511405164692                 0.0972165043623                -0.0536921949463                -0.0617029590394                -0.3215783344373
                -0.7000000000000                 0.3333514557745                 0.0963282700099                 0.6472527599919                 0.1049979699996                -0.0471042776782                -0.0592334703501                -0.3140686320341
                -0.6800000000000                 0.3333673903924                 0.0732660351933                 0.6373390788866                 0.1154106022828                -0.0362800192704                -0.0567211469235                -0.3010970932181
                -0.6600000000000                 0.3333913005448                 0.0566928854900                 0.6290963790694                 0.1233108720756                -0.0279118361268                -0.0534673420949                -0.2861815808423
                -0.6400000000000                 0.3334300783985                 0.0485435907869                 0.6247634477130                 0.1271650310985                -0.0237240891387                -0.0498012350592                -0.2707582594981
                -0.6200000000000                 0.3334943131624                 0.0469699967048                 0.6236684427534                 0.1277415998991                -0.0228778658001                -0.0460297131908                -0.2552331364051
                -0.6000000000000                 0.3336015613037                 0.0497449799843                 0.6247310389479                 0.1261045321437                -0.0242458943500                -0.0422888374976                -0.2397080266025
                -0.5800000000000                 0.3337816838653                 0.0554498142868                 0.6272350260723                 0.1229348366051                -0.0271072040313                -0.0386184234925                -0.2241968876563
                -0.5600000000000                 0.3340861357197                 0.0634283477441                 0.6308345465404                 0.1185325010147                -0.0311317588682                -0.0350162853349                -0.2086823163247
                -0.5400000000000                 0.3346045837785                 0.0734957198088                 0.6354111927783                 0.1129555213889                -0.0362317933520                -0.0314646114373                -0.1931318590256
                -0.5200000000000                 0.3354948833449                 0.0857037076812                 0.6409559145140                 0.1061338496237                -0.0424423611002                -0.0279416468445                -0.1775037458137
                -0.5000000000000                 0.3370365691418                 0.1001771469161                 0.6474879967215                 0.0979492538892                -0.0498383899010                -0.0244269731440                -0.1617514455700
                -0.4800000000000                 0.3397211086815                 0.1169853499456                 0.6549982917485                 0.0883014520304                -0.0584683519554                -0.0209055281771                -0.1458352013159
                -0.4600000000000                 0.3443776509724                 0.1360184877506                 0.6634148090721                 0.0771840112282                -0.0682854776885                -0.0173758111341                -0.1297568572012
                -0.4400000000000                 0.3522378833027                 0.1568364895158                 0.6726031767323                 0.0648064760297                -0.0790513150240                -0.0138716437888                -0.1136511631810
                -0.4200000000000                 0.3645710486739                 0.1784718405343                 0.6824204857026                 0.0517963446260                -0.0901916780551                -0.0105074371808                -0.0979620410030
                -0.4000000000000                 0.3814821152979                 0.1993759190861                 0.6928106563939                 0.0393273477296                -0.1007285613288                -0.0075152984444                -0.0835690891779
                -0.3800000000000                 0.4010848082330                 0.2180010026857                 0.7038364527453                 0.0286885566576                -0.1096490805644                -0.0051551050401                -0.0714531977754
                -0.3600000000000                 0.4210162262606                 0.2336819985087                 0.7155718819906                 0.0204751695875                -0.1165299961010                -0.0035181597250                -0.0620423398489
                -0.3400000000000                 0.4401344805694                 0.2465989818269                 0.7280083797259                 0.0145155640938                -0.1215520142870                -0.0024965533919                -0.0551462508193
                -0.3200000000000                 0.4583433908941                 0.2571244384856                 0.7410662222368                 0.0103994249174                -0.1250575715536                -0.0019122175796                -0.0503736217887
                -0.3000000000000                 0.4759062500583                 0.2654529694285                 0.7546345959560                 0.0078166778195                -0.1272832589630                -0.0016109045693                -0.0474010464375
                -0.2800000000000                 0.4931176217949                 0.2715763414951                 0.7686101421650                 0.0066146318946                -0.1283282914996                -0.0014903506594                -0.0460312901268
                -0.2600000000000                 0.5102331939703                 0.2753903477404                 0.7829388846755                 0.0067443557627                -0.1282151951466                -0.0015027264544                -0.0461785451998
                -0.2400000000000                 0.5274920121561                 0.2767753978491                 0.7976422220726                 0.0082102717886                -0.1269424405308                -0.0016531858222                -0.0478518304971
                -0.2200000000000                 0.5451570665419                 0.2755614888174                 0.8128010517332                 0.0110764429103                -0.1244779237534                -0.0020000750663                -0.0511570194325
                -0.2000000000000                 0.5635273579386                 0.2713928638450                 0.8285055015638                 0.0155235331851                -0.1206991984825                -0.0026563622790                -0.0563156707111
                -0.1800000000000                 0.5828336943281                 0.2636226684909                 0.8448092302365                 0.0218920202740                -0.1153412254184                -0.0037846399155                -0.0636734928177
                -0.1600000000000                 0.6028359421847                 0.2514918259046                 0.8617242906967                 0.0305834499975                -0.1080626519581                -0.0055592331916                -0.0736123832086
                -0.1400000000000                 0.6221184369052                 0.2349121032336                 0.8792674788742                 0.0416566223372                -0.0987686227085                -0.0080575955092                -0.0862310234439
                -0.1200000000000                 0.6382263794175                 0.2154135509436                 0.8975175230876                 0.0543415477293                -0.0880252786097                -0.0111448891352                -0.1009613345835
                -0.1000000000000                 0.6496179895138                 0.1956169738487                 0.9166080610727                 0.0673042596487                -0.0768924681848                -0.0145511025843                -0.1167880349288
                -0.0800000000000                 0.6567413865198                 0.1776188971015                 0.9366774444045                 0.0794682696674                -0.0662797968032                -0.0180659239777                -0.1329105783309
                -0.0600000000000                 0.6609271990947                 0.1624302539644                 0.9578360448881                 0.0903056701606                -0.0566838396224                -0.0215950949571                -0.1489616891796
                -0.0400000000000                 0.6633354796240                 0.1503315098379                 0.9801463933772                 0.0996625778759                -0.0482955917755                -0.0251144853295                -0.1648439003269
                -0.0200000000000                 0.6647193893643                 0.1412481033948                 1.0036160507789                 0.1075712533512                -0.0411369361359                -0.0286293575055                -0.1805682965492
                 0.0000000000000                 0.6655198059318                 0.1349672164915                 1.0282130281022                 0.1141407640425                -0.0351491741775                -0.0321562370058                -0.1961776232172
                 0.0200000000000                 0.6659866987714                 0.1312786167918                 1.0539032561319                 0.1194852457710                -0.0302597123513                -0.0357160947228                -0.2117180165858
                 0.0400000000000                 0.6662612991716                 0.1301043697478                 1.0807072629110                 0.1236567954917                -0.0264501186175                -0.0393304479238                -0.2272297250335
                 0.0600000000000                 0.6664239763118                 0.1316593569446                 1.1087817062429                 0.1265603743649                -0.0238447264995                -0.0430152839926                -0.2427428657803
                 0.0800000000000                 0.6665209491049                 0.1366720826786                 1.1385353627655                 0.1278320725634                -0.0228385057244                -0.0467673126742                -0.2582705932659
                 0.1000000000000                 0.6665791015645                 0.1465957191986                 1.1707397524492                 0.1267055476714                -0.0242412872503                -0.0505332760819                -0.2737885384038
                 0.1200000000000                 0.6666142922448                 0.1633100169315                 1.2063498728950                 0.1220855046926                -0.0292169499007                -0.0541490329339                -0.2891616665507
                 0.1400000000000                 0.6666361754528                 0.1868782522978                 1.2450981574342                 0.1134549582769                -0.0383392546779                -0.0572736094453                -0.3038638046807
                 0.1600000000000                 0.6666511738933                 0.2102000781827                 1.2814362591111                 0.1030784803298                -0.0490082479777                -0.0596650721562                -0.3161113423971
                 0.1800000000000                 0.6666633974899                 0.2176429271499                 1.3011573819095                 0.0964251732501                -0.0537479279088                -0.0623346461694                -0.3220263885203
                 0.2000000000000                 0.6666735146305                 0.1990413280123                 1.2913038212551                 0.0959241891997                -0.0460347095229                -0.0660307373900                -0.3182028920695
                 0.2200000000000                 0.6666826864832                 0.1623922734130                 1.2592311199351                 0.0983894494625                -0.0290995639829                -0.0677866548774                -0.3064699002872
                 0.2400000000000                 0.6666949128034                 0.1265726345259                 1.2259826925517                 0.1005617018954                -0.0123588380705                -0.0664993139927                -0.2917238216450
                 0.2600000000000                 0.6667144872833                 0.1036740753407                 1.2024712774240                 0.1007704208995                -0.0007060198577                -0.0636015439157                -0.2763252139725
                 0.2800000000000                 0.6667470732779                 0.0961222671643                 1.1897465012798                 0.0984408415670                 0.0054823453831                -0.0601111172758                -0.2608183906152
                 0.3000000000000                 0.6668019968928                 0.1007655509943                 1.1851198451073                 0.0939416631433                 0.0075818280564                -0.0564321259386                -0.2453002871211
                 0.3200000000000                 0.6668954416181                 0.1132769996943                 1.1856033084409                 0.0880008657493                 0.0070854699343                -0.0526922727701                -0.2297764719251
                 0.3400000000000                 0.6670561137972                 0.1304266196835                 1.1891227472208                 0.0812176989587                 0.0050144609549                -0.0489129805620                -0.2142224879252
                 0.3600000000000                 0.6673360779139                 0.1503404195583                 1.1944900327226                 0.0739437127890                 0.0019336770903                -0.0450717237428                -0.1985928168774
                 0.3800000000000                 0.6678323661080                 0.1720667049420                 1.2010642603574                 0.0663398772283                -0.0018828676752                -0.0411214392661                -0.1828182524778
                 0.4000000000000                 0.6687319073250                 0.1951531099141                 1.2084698589035                 0.0584518094034                -0.0063198854109                -0.0369923485726                -0.1667958762928
                 0.4200000000000                 0.6704087223369                 0.2193623969497                 1.2164027521824                 0.0502599492380                -0.0113398034877                -0.0325842939867                -0.1503698335629
                 0.4400000000000                 0.6736379982470                 0.2444577018504                 1.2244572429160                 0.0417102167616                -0.0169221943589                -0.0277538309742                -0.1333018621760
                 0.4600000000000                 0.6800301646845                 0.2698982995800                 1.2318643925073                 0.0327576545458                -0.0229596930005                -0.0223160940719                -0.1152548847610
                 0.4800000000000                 0.6924589399413                 0.2940879352052                 1.2370165308151                 0.0235435542455                -0.0289361549665                -0.0161809624757                -0.0959787447934
                 0.5000000000000                 0.7128740286406                 0.3131175601022                 1.2374090537700                 0.0149538548692                -0.0332479544217                -0.0099615477112                -0.0763582483191
                 0.5200000000000                 0.7363921174471                 0.3231168833187                 1.2326181634795                 0.0085822467411                -0.0339973069871                -0.0052251708629                -0.0592325785907
                 0.5400000000000                 0.7572793887950                 0.3257448863180                 1.2257568502808                 0.0047293724316                -0.0316928358411                -0.0025057971684                -0.0460869490381
                 0.5600000000000                 0.7755857236742                 0.3246219177133                 1.2191925843644                 0.0025525221422                -0.0279340199460                -0.0011323180991                -0.0361228200546
                 0.5800000000000                 0.7929781486300                 0.3218931927423                 1.2136824283871                 0.0013372314535                -0.0237280767060                -0.0004774030017                -0.0283433582198
                 0.6000000000000                 0.8107082129602                 0.3185862203874                 1.2093387113615                 0.0006689554172                -0.0195712134500                -0.0001834516458                -0.0221136956336
                 0.6200000000000                 0.8295192200831                 0.3152103562515                 1.2060761181977                 0.0003137040736                -0.0157103066299                -0.0000624686694                -0.0170591565941
                 0.6400000000000                 0.8497327440321                 0.3120366201153                 1.2037449378600                 0.0001352045503                -0.0122714322428                -0.0000182918308                -0.0129499244734
                 0.6600000000000                 0.8712486632433                 0.3092148011694                 1.2021717775472                 0.0000524763029                -0.0093153424562                -0.0000044720906                -0.0096338173652
                 0.6800000000000                 0.8935025048370                 0.3068225102127                 1.2011781789758                 0.0000179952119                -0.0068618123978                -0.0000008902948                -0.0069992444820
                 0.7000000000000                 0.9154796016023                 0.3048855843775                 1.2005958753901                 0.0000053744825                -0.0049001278157                -0.0000001420778                -0.0049540353833
                 0.7200000000000                 0.9358934875839                 0.3033881892501                 1.2002810268640                 0.0000013901281                -0.0033937565017                -0.0000000181496                -0.0034128809293
                 0.7400000000000                 0.9535482600778                 0.3022822263510                 1.2001240688572                 0.0000003131915                -0.0022846824842                -0.0000000018840                -0.0022908385670
                 0.7600000000000                 0.9677252595714                 0.3014996172470                 1.2000515579712                 0.0000000624953                -0.0015009017105                -0.0000000001636                -0.0015027197020
                 0.7800000000000                 0.9783510904088                 0.3009661956543                 1.2000202337196                 0.0000000113067                -0.0009669436377                -0.0000000000123                -0.0009674440527
                 0.8000000000000                 0.9858674995889                 0.3006134991201                 1.2000074626643                 0.0000000018709                -0.0006139540803                -0.0000000000009                -0.0006140846799
                 0.8200000000000                 0.9909529424630                 0.3003855791880                 1.2000025245722                 0.0000000002935                -0.0003858595729                -0.0000000000001                -0.0003858923951
                 0.8400000000000                 0.9942854538490                 0.3002418913428                 1.2000018743267                -0.0000000356439                -0.0002414173006                 0.0000000000001                -0.0002408494349
                 0.8600000000000                 0.9964221770221                 0.3001498596565                 1.2000004142686                -0.0000000094223                -0.0001497992962                 0.0000000000002                -0.0001496527084
                 0.8800000000000                 0.9977726694578                 0.3000927265037                 1.2000000081957                -0.0000000042096                -0.0000927524237                -0.0000000000026                -0.0000927211534
                 0.9000000000000                 0.9986183937673                 0.3000573204811                 1.1999999327878                -0.0000000007911                -0.0000573516662                -0.0000000000014                -0.0000573437658
                 0.9200000000000                 0.9991449304718                 0.3000353753572                 1.1999999157861                 0.0000000048444                -0.0000354172166                -0.0000000000034                -0.0000354242548
                 0.9400000000000                 0.9994715471160                 0.3000219522992                 1.1999999924209                -0.0000000284734                -0.0000218894118                -0.0000000000078                -0.0000218679742
                 0.9600000000000                 0.9996736894965                 0.3000134981140                 1.2000000095016                 0.0000000145544                -0.0000135152188                 0.0000000000514                -0.0000134935478
                 0.9800000000000                 0.9997986180590                 0.3000087994291                 1.2000001520915                -0.0000001536643                -0.0000084108496                -0.0000000000897                -0.0000083239118
                 1.0000000000000                 0.9998757591173                 0.3000038772763                 1.1999993806061                 0.0000003236358                -0.0000048313259                 0.0000000002616                -0.0000051337102
