                -1.5000000000000                 0.0003585905632                 0.0000445110764                -0.0000148247396
                -1.4800000000000                 0.0005806485240                 0.0000721200303                -0.0000240183179
                -1.4600000000000                 0.0009393133294                 0.0001167871001                -0.0000388892323
                -1.4400000000000                 0.0015171753076                 0.0001889438870                -0.0000629047071
                -1.4200000000000                 0.0024444666394                 0.0003052298968                -0.0001015879015
                -1.4000000000000                 0.0039230017475                 0.0004919197052                -0.0001636411771
                -1.3800000000000                 0.0062568468566                 0.0007898390725                -0.0002625387820
                -1.3600000000000                 0.0098837344633                 0.0012608334666                -0.0004185762731
                -1.3400000000000                 0.0153887926178                 0.0019949720862                -0.0006610399161
                -1.3200000000000                 0.0234633264581                 0.0031158145307                -0.0010295105879
                -1.3000000000000                 0.0347613519838                 0.0047785352792                -0.0015725073291
                -1.2800000000000                 0.0496441680657                 0.0071547842440                -0.0023416058363
                -1.2600000000000                 0.0679135846293                 0.0104029960747                -0.0033812808201
                -1.2400000000000                 0.0887320516580                 0.0146339167584                -0.0047187851801
                -1.2200000000000                 0.1108427156720                 0.0198887634421                -0.0063603588320
                -1.2000000000000                 0.1329602490050                 0.0261406728520                -0.0082962289456
                -1.1800000000000                 0.1540858237150                 0.0333144501291                -0.0105105260630
                -1.1600000000000                 0.1736207465916                 0.0413111839232                -0.0129899904197
                -1.1400000000000                 0.1913196187888                 0.0500276074240                -0.0157280363316
                -1.1200000000000                 0.2071792946173                 0.0593672756510                -0.0187243388292
                -1.1000000000000                 0.2213308052323                 0.0692451161198                -0.0219818691525
                -1.0800000000000                 0.2339600834189                 0.0795880255881                -0.0255033154824
                -1.0600000000000                 0.2452592735213                 0.0903336530438                -0.0292881060809
                -1.0400000000000                 0.2554017751012                 0.1014286541633                -0.0333305084509
                -1.0200000000000                 0.2645330501102                 0.1128270366868                -0.0376187675296
                -1.0000000000000                 0.2727706375558                 0.1244888140066                -0.0421349877606
                -0.9800000000000                 0.2802086882785                 0.1363789824788                -0.0468553956440
                -0.9600000000000                 0.2869239895571                 0.1484667589551                -0.0517506672909
                -0.9400000000000                 0.2929817383690                 0.1607250001112                -0.0567861121346
                -0.9200000000000                 0.2984402424353                 0.1731297373967                -0.0619216360893
                -0.9000000000000                 0.3033543266723                 0.1856597808347                -0.0671115526609
                -0.8800000000000                 0.3077775630843                 0.1982963626175                -0.0723044642159
                -0.8600000000000                 0.3117635915683                 0.2110228049932                -0.0774435805087
                -0.8400000000000                 0.3153668195338                 0.2238242067334                -0.0824679256051
                -0.8200000000000                 0.3186427333346                 0.2366871494791                -0.0873148156026
                -0.8000000000000                 0.3216479711684                 0.2495994296081                -0.0919236798949
                -0.7800000000000                 0.3244402363393                 0.2625498219546                -0.0962407667757
                -0.7600000000000                 0.3270780997500                 0.2755278778317                -0.1002237358746
                -0.7400000000000                 0.3296207528361                 0.2885237525499                -0.1038449403978
                -0.7200000000000                 0.3321277984804                 0.3015280508379                -0.1070925500634
                -0.7000000000000                 0.3346591700286                 0.3145316764167                -0.1099694045843
                -0.6800000000000                 0.3372752314058                 0.3275256755417                -0.1124901928244
                -0.6600000000000                 0.3400370500461                 0.3405010710728                -0.1146778794103
                -0.6400000000000                 0.3430067769906                 0.3534486899934                -0.1165602098526
                -0.6200000000000                 0.3462480323465                 0.3663589913966                -0.1181668091557
                -0.6000000000000                 0.3498261793564                 0.3792219041030                -0.1195270625469
                -0.5800000000000                 0.3538083673478                 0.3920266846790                -0.1206687445490
                -0.5600000000000                 0.3582632241028                 0.4047618090802                -0.1216172578754
                -0.5400000000000                 0.3632600782065                 0.4174149153665                -0.1223953220106
                -0.5200000000000                 0.3688675940304                 0.4299728214570                -0.1230229727239
                -0.5000000000000                 0.3751517135257                 0.4424216509766                -0.1235177699986
                -0.4800000000000                 0.3821728315687                 0.4547471119521                -0.1238951482026
                -0.4600000000000                 0.3899821997562                 0.4669349870051                -0.1241688727751
                -0.4400000000000                 0.3986176704510                 0.4789719080553                -0.1243515899974
                -0.4200000000000                 0.4080990602832                 0.4908464985425                -0.1244554675505
                -0.4000000000000                 0.4184236041569                 0.5025509599719                -0.1244929160193
                -0.3800000000000                 0.4295621189131                 0.5140831320787                -0.1244773407906
                -0.3600000000000                 0.4414565019439                 0.5254489232736                -0.1244237821322
                -0.3400000000000                 0.4540189947982                 0.5366647377392                -0.1243491576140
                -0.3200000000000                 0.4671333358188                 0.5477591139376                -0.1242716864698
                -0.3000000000000                 0.4806577689325                 0.5587724070585                -0.1242091175625
                -0.2800000000000                 0.4944300329697                 0.5697534337334                -0.1241758137622
                -0.2600000000000                 0.5082745973104                 0.5807530150628                -0.1241795420070
                -0.2400000000000                 0.5220119067850                 0.5918160773393                -0.1242194272654
                -0.2200000000000                 0.5354683500324                 0.6029751111460                -0.1242861937768
                -0.2000000000000                 0.5484851794805                 0.6142471271548                -0.1243645544873
                -0.1800000000000                 0.5609252984252                 0.6256342463579                -0.1244364685437
                -0.1600000000000                 0.5726778408438                 0.6371264532816                -0.1244838726931
                -0.1400000000000                 0.5836608159729                 0.6487048040188                -0.1244902033499
                -0.1200000000000                 0.5938218936145                 0.6603440624227                -0.1244407768264
                -0.1000000000000                 0.6031373034283                 0.6720144750000                -0.1243224391701
                -0.0800000000000                 0.6116090298077                 0.6836827887751                -0.1241228867596
                -0.0600000000000                 0.6192607850049                 0.6953127142913                -0.1238299128694
                -0.0400000000000                 0.6261334000035                 0.7068650050820                -0.1234306999135
                -0.0200000000000                 0.6322802313375                 0.7182972754408                -0.1229111964626
                 0.0000000000000                 0.6377630180618                 0.7295636493459                -0.1222555853458
                 0.0200000000000                 0.6426484320623                 0.7406143290202                -0.1214458461696
                 0.0400000000000                 0.6470054064500                 0.7513951875544                -0.1204614293047
                 0.0600000000000                 0.6509032201069                 0.7618475235911                -0.1192790824329
                 0.0800000000000                 0.6544102564344                 0.7719081661939                -0.1178729025806
                 0.1000000000000                 0.6575933269907                 0.7815101807971                -0.1162147235526
                 0.1200000000000                 0.6605174418140                 0.7905844882893                -0.1142749835449
                 0.1400000000000                 0.6632459069766                 0.7990627345300                -0.1120242333600
                 0.1600000000000                 0.6658406298492                 0.8068816747837                -0.1094354111530
                 0.1800000000000                 0.6683625124624                 0.8139890837635                -0.1064868838418
                 0.2000000000000                 0.6708718178628                 0.8203507077872                -0.1031660090132
                 0.2200000000000                 0.6734284128599                 0.8259570989301                -0.0994726340682
                 0.2400000000000                 0.6760918313461                 0.8308285847898                -0.0954216584946
                 0.2600000000000                 0.6789211624159                 0.8350165810352                -0.0910437652702
                 0.2800000000000                 0.6819748262827                 0.8386002754864                -0.0863838413926
                 0.3000000000000                 0.6853103307155                 0.8416792029706                -0.0814973540602
                 0.3200000000000                 0.6889840912102                 0.8443636171213                -0.0764456408507
                 0.3400000000000                 0.6930513713708                 0.8467650537776                -0.0712913128643
                 0.3600000000000                 0.6975663944927                 0.8489889054807                -0.0660946788042
                 0.3800000000000                 0.7025827164698                 0.8511297035697                -0.0609115349695
                 0.4000000000000                 0.7081540261663                 0.8532688051981                -0.0557921673059
                 0.4200000000000                 0.7143356206246                 0.8554736598529                -0.0507811527409
                 0.4400000000000                 0.7211868465070                 0.8577977611414                -0.0459175163780
                 0.4600000000000                 0.7287747579948                 0.8602805834264                -0.0412349032546
                 0.4800000000000                 0.7371790597020                 0.8629470872477                -0.0367615727360
                 0.5000000000000                 0.7464980175921                 0.8658066644165                -0.0325201762874
                 0.5200000000000                 0.7568543641844                 0.8688516607154                -0.0285274223730
                 0.5400000000000                 0.7683992347495                 0.8720558624917                -0.0247938608912
                 0.5600000000000                 0.7813108075439                 0.8753735544421                -0.0213241180928
                 0.5800000000000                 0.7957826017831                 0.8787399142367                -0.0181179432707
                 0.6000000000000                 0.8119945279302                 0.8820735455730                -0.0151723292115
                 0.6200000000000                 0.8300586344018                 0.8852817933029                -0.0124846642042
                 0.6400000000000                 0.8499335755685                 0.8882690771553                -0.0100563114500
                 0.6600000000000                 0.8713128238949                 0.8909478010462                -0.0078952453668
                 0.6800000000000                 0.8935194646642                 0.8932504436767                -0.0060157270884
                 0.7000000000000                 0.9154831903928                 0.8951402143048                -0.0044332186711
                 0.7200000000000                 0.9358940827680                 0.8966171405020                -0.0031550872060
                 0.7400000000000                 0.9535483373243                 0.8977162466781                -0.0021711172323
                 0.7600000000000                 0.9677252675793                 0.8984975785923                -0.0014501189522
                 0.7800000000000                 0.9783510910931                 0.8990315762425                -0.0009454057827
                 0.8000000000000                 0.9858674996400                 0.8993848557068                -0.0006051020968
                 0.8200000000000                 0.9909529424663                 0.8996131958138                -0.0003822495020
                 0.8400000000000                 0.9942854538490                 0.8997608156922                -0.0002405365341
                 0.8600000000000                 0.9964221770221                 0.8998611372669                -0.0001546656779
                 0.8800000000000                 0.9977726694578                 0.8998976963812                -0.0000878207498
                 0.9000000000000                 0.9986183937672                 0.8999653985237                -0.0000686964453
                 0.9200000000000                 0.9991449304722                 0.8894628541492                 0.0052154326901
                 0.9400000000000                 0.9994715471160                 0.9042744283491                -0.0021700287801
                 0.9600000000000                 0.9996736894964                 0.9567292777865                -0.0283848962258
                 0.9800000000000                 0.9997986180589                 0.9689749475462                -0.0344999743452
                 1.0000000000000                 0.9998757591173                 0.8647562303378                 0.0176141803114
