                -1.5000000000000                 0.0003585905632                 0.0000445110757                -0.0000148247390
                -1.4800000000000                 0.0005806485240                 0.0000721200303                -0.0000240183179
                -1.4600000000000                 0.0009393133294                 0.0001167871001                -0.0000388892323
                -1.4400000000000                 0.0015171753076                 0.0001889438870                -0.0000629047071
                -1.4200000000000                 0.0024444666394                 0.0003052298968                -0.0001015879015
                -1.4000000000000                 0.0039230017475                 0.0004919197052                -0.0001636411771
                -1.3800000000000                 0.0062568468566                 0.0007898390725                -0.0002625387820
                -1.3600000000000                 0.0098837344633                 0.0012608334666                -0.0004185762731
                -1.3400000000000                 0.0153887926178                 0.0019949720862                -0.0006610399161
                -1.3200000000000                 0.0234633264581                 0.0031158145307                -0.0010295105879
                -1.3000000000000                 0.0347613519838                 0.0047785352792                -0.0015725073291
                -1.2800000000000                 0.0496441680657                 0.0071547842440                -0.0023416058363
                -1.2600000000000                 0.0679135846293                 0.0104029960747                -0.0033812808201
                -1.2400000000000                 0.0887320516580                 0.0146339167584                -0.0047187851801
                -1.2200000000000                 0.1108427156720                 0.0198887634421                -0.0063603588320
                -1.2000000000000                 0.1329602490050                 0.0261406728520                -0.0082962289456
                -1.1800000000000                 0.1540858237149                 0.0333144501291                -0.0105105260631
                -1.1600000000000                 0.1736207465918                 0.0413111839232                -0.0129899904197
                -1.1400000000000                 0.1913196187889                 0.0500276074240                -0.0157280363316
                -1.1200000000000                 0.2071792946176                 0.0593672756510                -0.0187243388292
                -1.1000000000000                 0.2213308052326                 0.0692451161199                -0.0219818691525
                -1.0800000000000                 0.2339600834192                 0.0795880255881                -0.0255033154824
                -1.0600000000000                 0.2452592735215                 0.0903336530438                -0.0292881060808
                -1.0400000000000                 0.2554017751016                 0.1014286541633                -0.0333305084509
                -1.0200000000000                 0.2645330501104                 0.1128270366868                -0.0376187675295
                -1.0000000000000                 0.2727706375562                 0.1244888140066                -0.0421349877606
                -0.9800000000000                 0.2802086882789                 0.1363789824789                -0.0468553956440
                -0.9600000000000                 0.2869239895576                 0.1484667589551                -0.0517506672909
                -0.9400000000000                 0.2929817383694                 0.1607250001112                -0.0567861121346
                -0.9200000000000                 0.2984402424358                 0.1731297373967                -0.0619216360892
                -0.9000000000000                 0.3033543266719                 0.1856597808347                -0.0671115526609
                -0.8800000000000                 0.3077775630847                 0.1982963626175                -0.0723044642159
                -0.8600000000000                 0.3117635915687                 0.2110228049932                -0.0774435805086
                -0.8400000000000                 0.3153668195334                 0.2238242067334                -0.0824679256051
                -0.8200000000000                 0.3186427333341                 0.2366871494791                -0.0873148156026
                -0.8000000000000                 0.3216479711680                 0.2495994296081                -0.0919236798949
                -0.7800000000000                 0.3244402363389                 0.2625498219546                -0.0962407667757
                -0.7600000000000                 0.3270780997510                 0.2755278778317                -0.1002237358747
                -0.7400000000000                 0.3296207528364                 0.2885237525499                -0.1038449403978
                -0.7200000000000                 0.3321277984800                 0.3015280508379                -0.1070925500635
                -0.7000000000000                 0.3346591700290                 0.3145316764167                -0.1099694045843
                -0.6800000000000                 0.3372752314064                 0.3275256755417                -0.1124901928245
                -0.6600000000000                 0.3400370500468                 0.3405010710728                -0.1146778794103
                -0.6400000000000                 0.3430067769913                 0.3534486899934                -0.1165602098526
                -0.6200000000000                 0.3462480323471                 0.3663589913966                -0.1181668091557
                -0.6000000000000                 0.3498261793568                 0.3792219041030                -0.1195270625469
                -0.5800000000000                 0.3538083673474                 0.3920266846790                -0.1206687445490
                -0.5600000000000                 0.3582632241033                 0.4047618090802                -0.1216172578754
                -0.5400000000000                 0.3632600782069                 0.4174149153665                -0.1223953220106
                -0.5200000000000                 0.3688675940302                 0.4299728214570                -0.1230229727238
                -0.5000000000000                 0.3751517135258                 0.4424216509766                -0.1235177699986
                -0.4800000000000                 0.3821728315688                 0.4547471119521                -0.1238951482026
                -0.4600000000000                 0.3899821997563                 0.4669349870051                -0.1241688727751
                -0.4400000000000                 0.3986176704511                 0.4789719080553                -0.1243515899974
                -0.4200000000000                 0.4080990602833                 0.4908464985425                -0.1244554675505
                -0.4000000000000                 0.4184236041569                 0.5025509599719                -0.1244929160193
                -0.3800000000000                 0.4295621189131                 0.5140831320787                -0.1244773407906
                -0.3600000000000                 0.4414565019440                 0.5254489232736                -0.1244237821322
                -0.3400000000000                 0.4540189947981                 0.5366647377392                -0.1243491576140
                -0.3200000000000                 0.4671333358187                 0.5477591139376                -0.1242716864698
                -0.3000000000000                 0.4806577689325                 0.5587724070585                -0.1242091175625
                -0.2800000000000                 0.4944300329697                 0.5697534337334                -0.1241758137622
                -0.2600000000000                 0.5082745973104                 0.5807530150628                -0.1241795420070
                -0.2400000000000                 0.5220119067850                 0.5918160773393                -0.1242194272654
                -0.2200000000000                 0.5354683500324                 0.6029751111460                -0.1242861937768
                -0.2000000000000                 0.5484851794805                 0.6142471271548                -0.1243645544873
                -0.1800000000000                 0.5609252984252                 0.6256342463579                -0.1244364685437
                -0.1600000000000                 0.5726778408438                 0.6371264532816                -0.1244838726931
                -0.1400000000000                 0.5836608159729                 0.6487048040188                -0.1244902033499
                -0.1200000000000                 0.5938218936145                 0.6603440624227                -0.1244407768264
                -0.1000000000000                 0.6031373034283                 0.6720144750000                -0.1243224391701
                -0.0800000000000                 0.6116090298076                 0.6836827887750                -0.1241228867596
                -0.0600000000000                 0.6192607850049                 0.6953127142913                -0.1238299128694
                -0.0400000000000                 0.6261334000034                 0.7068650050820                -0.1234306999135
                -0.0200000000000                 0.6322802313375                 0.7182972754407                -0.1229111964626
                 0.0000000000000                 0.6377630180618                 0.7295636493459                -0.1222555853458
                 0.0200000000000                 0.6426484320623                 0.7406143290203                -0.1214458461696
                 0.0400000000000                 0.6470054064501                 0.7513951875543                -0.1204614293046
                 0.0600000000000                 0.6509032201068                 0.7618475235910                -0.1192790824328
                 0.0800000000000                 0.6544102564345                 0.7719081661939                -0.1178729025806
                 0.1000000000000                 0.6575933269906                 0.7815101807972                -0.1162147235527
                 0.1200000000000                 0.6605174418140                 0.7905844882894                -0.1142749835449
                 0.1400000000000                 0.6632459069766                 0.7990627345300                -0.1120242333600
                 0.1600000000000                 0.6658406298492                 0.8068816747837                -0.1094354111530
                 0.1800000000000                 0.6683625124624                 0.8139890837638                -0.1064868838419
                 0.2000000000000                 0.6708718178629                 0.8203507077879                -0.1031660090136
                 0.2200000000000                 0.6734284128600                 0.8259570989315                -0.0994726340689
                 0.2400000000000                 0.6760918313462                 0.8308285847922                -0.0954216584958
                 0.2600000000000                 0.6789211624160                 0.8350165810391                -0.0910437652721
                 0.2800000000000                 0.6819748262827                 0.8386002754898                -0.0863838413943
                 0.3000000000000                 0.6853103307156                 0.8416792029721                -0.0814973540610
                 0.3200000000000                 0.6889840912102                 0.8443636171198                -0.0764456408499
                 0.3400000000000                 0.6930513713707                 0.8467650537702                -0.0712913128606
                 0.3600000000000                 0.6975663944925                 0.8489889054640                -0.0660946787958
                 0.3800000000000                 0.7025827164695                 0.8511297035387                -0.0609115349540
                 0.4000000000000                 0.7081540261659                 0.8532688051443                -0.0557921672790
                 0.4200000000000                 0.7143356206241                 0.8554736597663                -0.0507811526976
                 0.4400000000000                 0.7211868465063                 0.8577977610044                -0.0459175163094
                 0.4600000000000                 0.7287747579939                 0.8602805832128                -0.0412349031477
                 0.4800000000000                 0.7371790597010                 0.8629470869145                -0.0367615725693
                 0.5000000000000                 0.7464980175909                 0.8658066638830                -0.0325201760205
                 0.5200000000000                 0.7568543641829                 0.8688516598331                -0.0285274219317
                 0.5400000000000                 0.7683999502367                 0.8795195042160                -0.0285274216684
                 0.5600000000000                 0.7813108075420                 0.8753735517315                -0.0213241167371
                 0.5800000000000                 0.7957822445695                 0.8851503191732                -0.0213241155274
                 0.6000000000000                 0.8119935916927                 0.8943740442520                -0.0213241118677
                 0.6200000000000                 0.8300572897918                 0.9029571186484                -0.0213241128402
                 0.6400000000000                 0.8499321438562                 0.9108010550353                -0.0213241118040
                 0.6600000000000                 0.8713115886780                 0.9178021712377                -0.0213241121628
                 0.6800000000000                 0.8935185765808                 0.9238642951425                -0.0213241102237
                 0.7000000000000                 0.9154826567820                 0.9289196203451                -0.0213241108112
                 0.7200000000000                 0.9358938147866                 0.9329533512944                -0.0213241101078
                 0.7400000000000                 0.9535482239105                 0.9360208884016                -0.0213241104734
                 0.7600000000000                 0.9677252264208                 0.9382446197120                -0.0213241103118
                 0.7800000000000                 0.9783510779810                 0.9397883500820                -0.0213241101356
                 0.8000000000000                 0.9858674958538                 0.9408224558066                -0.0213241101356
                 0.8200000000000                 0.9909529414545                 0.9414966500816                -0.0213241101356
                 0.8400000000000                 0.9942854535885                 0.9419277942847                -0.0213241102356
                 0.8600000000000                 0.9964221769573                 0.9421999203538                -0.0213241101295
                 0.8800000000000                 0.9977726694420                 0.9423702089824                -0.0213241100295
                 0.9000000000000                 0.9986183937635                 0.9424761846189                -0.0213241099295
                 0.9200000000000                 0.9991449304709                 0.9425419070766                -0.0213241099295
                 0.9400000000000                 0.9994715471158                 0.9425825769353                -0.0213241099295
                 0.9600000000000                 0.9996736894965                 0.9426077099116                -0.0213241100295
                 0.9800000000000                 0.9997986180590                 0.9426232281225                -0.0213241100295
                 1.0000000000000                 0.9998757591173                 0.9426328049003                -0.0213241100295
