1    0.0000000000000000
2   -1.1719556131742499
3   -1.1719556131742499
4   -2.0439112263485000
5   -1.1719556131742499
6   -2.0439112263485000
7   -2.0439112263485000
8   -2.6158668395227505
9   -1.1719556131742499
10   -2.0439112263485000
11   -2.3439112263484998
12   -2.9158668395227503
13   -2.0439112263485000
14   -2.6158668395227505
15   -2.9158668395227503
16   -3.1878224526970005
17   -1.1719556131742499
18   -2.0439112263485000
19   -2.3439112263484998
20   -2.9158668395227503
21   -2.3439112263484998
22   -2.9158668395227503
23   -3.2158668395227501
24   -3.4878224526970003
25   -2.0439112263485000
26   -2.6158668395227505
27   -3.2158668395227501
28   -3.4878224526970003
29   -2.9158668395227503
30   -3.1878224526970005
31   -3.7878224526970001
32   -3.7597780658712505
33   -1.1719556131742499
34   -2.0439112263485000
35   -2.3439112263484998
36   -2.9158668395227503
37   -2.3439112263484998
38   -2.9158668395227503
39   -3.2158668395227501
40   -3.4878224526970003
41   -2.3439112263484998
42   -2.9158668395227503
43   -3.5158668395227499
44   -3.7878224526970001
45   -3.2158668395227501
46   -3.4878224526970003
47   -4.0878224526970000
48   -4.0597780658712503
49   -2.0439112263485000
50   -2.6158668395227505
51   -3.2158668395227501
52   -3.4878224526970003
53   -3.2158668395227501
54   -3.4878224526970003
55   -4.0878224526970000
56   -4.0597780658712503
57   -2.9158668395227503
58   -3.1878224526970005
59   -4.0878224526970000
60   -4.0597780658712503
61   -3.7878224526970001
62   -3.7597780658712505
63   -4.6597780658712500
64   -4.3317336790455006
65   -1.1719556131742499
66   -2.0439112263485000
67   -2.0439112263485000
68   -2.6158668395227505
69   -2.3439112263484998
70   -2.9158668395227503
71   -2.9158668395227503
72   -3.1878224526970005
73   -2.3439112263484998
74   -2.9158668395227503
75   -3.2158668395227501
76   -3.4878224526970003
77   -3.2158668395227501
78   -3.4878224526970003
79   -3.7878224526970001
80   -3.7597780658712505
81   -2.3439112263484998
82   -2.9158668395227503
83   -3.2158668395227501
84   -3.4878224526970003
85   -3.5158668395227499
86   -3.7878224526970001
87   -4.0878224526970000
88   -4.0597780658712503
89   -3.2158668395227501
90   -3.4878224526970003
91   -4.0878224526970000
92   -4.0597780658712503
93   -4.0878224526970000
94   -4.0597780658712503
95   -4.6597780658712500
96   -4.3317336790455006
97   -2.0439112263485000
98   -2.6158668395227505
99   -2.9158668395227503
100   -3.1878224526970005
101   -3.2158668395227501
102   -3.4878224526970003
103   -3.7878224526970001
104   -3.7597780658712505
105   -3.2158668395227501
106   -3.4878224526970003
107   -4.0878224526970000
108   -4.0597780658712503
109   -4.0878224526970000
110   -4.0597780658712503
111   -4.6597780658712500
112   -4.3317336790455006
113   -2.9158668395227503
114   -3.1878224526970005
115   -3.7878224526970001
116   -3.7597780658712505
117   -4.0878224526970000
118   -4.0597780658712503
119   -4.6597780658712500
120   -4.3317336790455006
121   -3.7878224526970001
122   -3.7597780658712505
123   -4.6597780658712500
124   -4.3317336790455006
125   -4.6597780658712500
126   -4.3317336790455006
127   -5.2317336790455000
128   -4.6036892922197516























