1    0.0000000000000000
2   -1.1719556131742499
3   -1.1719556131742499
4   -2.0439112263485000
5   -1.1719556131742499
6   -2.0439112263485000
7   -2.0439112263485000
8   -2.6158668395227500
9   -1.1719556131742499
10   -2.0439112263485000
11   -2.3439112263484998
12   -2.9158668395227498
13   -2.0439112263485000
14   -2.6158668395227500
15   -2.9158668395227498
16   -3.1878224526969996
17   -1.1719556131742499
18   -2.0439112263485000
19   -2.3439112263484998
20   -2.9158668395227498
21   -2.3439112263484998
22   -2.9158668395227498
23   -3.2158668395227501
24   -3.4878224526969999
25   -2.0439112263485000
26   -2.6158668395227500
27   -3.2158668395227501
28   -3.4878224526969999
29   -2.9158668395227498
30   -3.1878224526969996
31   -3.7878224526969997
32   -3.7597780658712492
33   -1.1719556131742499
34   -2.0439112263485000
35   -2.3439112263484998
36   -2.9158668395227498
37   -2.3439112263484998
38   -2.9158668395227498
39   -3.2158668395227501
40   -3.4878224526969999
41   -2.3439112263484998
42   -2.9158668395227498
43   -3.5158668395227499
44   -3.7878224526969997
45   -3.2158668395227501
46   -3.4878224526969999
47   -4.0878224526970000
48   -4.0597780658712495
49   -2.0439112263485000
50   -2.6158668395227500
51   -3.2158668395227501
52   -3.4878224526969999
53   -3.2158668395227501
54   -3.4878224526969999
55   -4.0878224526970000
56   -4.0597780658712495
57   -2.9158668395227498
58   -3.1878224526969996
59   -4.0878224526970000
60   -4.0597780658712495
61   -3.7878224526969997
62   -3.7597780658712492
63   -4.6597780658712491
64   -4.3317336790454988
65   -1.1719556131742499
66   -2.0439112263485000
67   -2.0439112263485000
68   -2.6158668395227500
69   -2.3439112263484998
70   -2.9158668395227498
71   -2.9158668395227498
72   -3.1878224526969996
73   -2.3439112263484998
74   -2.9158668395227498
75   -3.2158668395227501
76   -3.4878224526969999
77   -3.2158668395227501
78   -3.4878224526969999
79   -3.7878224526969997
80   -3.7597780658712492
81   -2.3439112263484998
82   -2.9158668395227498
83   -3.2158668395227501
84   -3.4878224526969999
85   -3.5158668395227499
86   -3.7878224526969997
87   -4.0878224526970000
88   -4.0597780658712495
89   -3.2158668395227501
90   -3.4878224526969999
91   -4.0878224526970000
92   -4.0597780658712495
93   -4.0878224526970000
94   -4.0597780658712495
95   -4.6597780658712491
96   -4.3317336790454988
97   -2.0439112263485000
98   -2.6158668395227500
99   -2.9158668395227498
100   -3.1878224526969996
101   -3.2158668395227501
102   -3.4878224526969999
103   -3.7878224526969997
104   -3.7597780658712492
105   -3.2158668395227501
106   -3.4878224526969999
107   -4.0878224526970000
108   -4.0597780658712495
109   -4.0878224526970000
110   -4.0597780658712495
111   -4.6597780658712491
112   -4.3317336790454988
113   -2.9158668395227498
114   -3.1878224526969996
115   -3.7878224526969997
116   -3.7597780658712492
117   -4.0878224526970000
118   -4.0597780658712495
119   -4.6597780658712491
120   -4.3317336790454988
121   -3.7878224526969997
122   -3.7597780658712492
123   -4.6597780658712491
124   -4.3317336790454988
125   -4.6597780658712491
126   -4.3317336790454988
127   -5.2317336790455000
128   -4.6036892922197499