                -1.5000000000000                 0.0003585905632                 0.0000148405758                 0.0000593569692                 0.0000000000000                -0.0000148300566                -0.0000000000000                -0.0000148300585
                -1.4800000000000                 0.0005806485240                 0.0000240493304                 0.0000961833172                 0.0000000000000                -0.0000240322744                -0.0000000000000                -0.0000240322825
                -1.4600000000000                 0.0009393133294                 0.0000389534722                 0.0001557771615                 0.0000000000000                -0.0000389258213                 0.0000000000000                -0.0000389258557
                -1.4400000000000                 0.0015171753076                 0.0000630452565                 0.0002520848764                 0.0000000000002                -0.0000630004391                -0.0000000000000                -0.0000630005850
                -1.4200000000000                 0.0024444666394                 0.0001019101904                 0.0004073897657                 0.0000000000015                -0.0001018375751                -0.0000000000000                -0.0001018381898
                -1.4000000000000                 0.0039230017475                 0.0001644066040                 0.0006569741807                 0.0000000000102                -0.0001642890164                -0.0000000000000                -0.0001642915879
                -1.3800000000000                 0.0062568468569                 0.0002643964714                 0.0010559032027                 0.0000000000673                -0.0002642062325                -0.0000000000000                -0.0002642168647
                -1.3600000000000                 0.0098837344692                 0.0004231217481                 0.0016881946753                 0.0000000004346                -0.0004228144106                -0.0000000000001                -0.0004228575830
                -1.3400000000000                 0.0153887927037                 0.0006721030637                 0.0026776510133                 0.0000000027027                -0.0006716076625                -0.0000000000014                -0.0006717782156
                -1.3200000000000                 0.0234633275842                 0.0010559246716                 0.0041974047294                 0.0000000158904                -0.0010551289885                -0.0000000000206                -0.0010557761814
                -1.3000000000000                 0.0347613646604                 0.0016334714494                 0.0064719537102                 0.0000000863728                -0.0016322014723                -0.0000000002671                -0.0016345232533
                -1.2800000000000                 0.0496442853868                 0.0024756120176                 0.0097636241205                 0.0000004234676                -0.0024736113566                -0.0000000029787                -0.0024813508225
                -1.2600000000000                 0.0679144470925                 0.0036580734779                 0.0143400171244                 0.0000018313537                -0.0036550189578                -0.0000000276074                -0.0036786248662
                -1.2400000000000                 0.0887370060297                 0.0052507857255                 0.0204316843833                 0.0000068845225                -0.0052464608761                -0.0000002070490                -0.0053117054773
                -1.2200000000000                 0.1108650835553                 0.0073073799135                 0.0282000568183                 0.0000224193654                -0.0073022175899                -0.0000012417507                -0.0074653735945
                -1.2000000000000                 0.1330415618889                 0.0098581473316                 0.0377309956038                 0.0000637284155                -0.0098540573147                -0.0000059822600                -0.0102255881356
                -1.1800000000000                 0.1543321356796                 0.0129072218499                 0.0490530310224                 0.0001606116647                -0.0129071957977                -0.0000235692878                -0.0136871190273
                -1.1600000000000                 0.1742654569972                 0.0164329456833                 0.0621691484009                 0.0003659678719                -0.0164349624744                -0.0000779649935                -0.0179674711277
                -1.1400000000000                 0.1928270818830                 0.0203902027851                 0.0770944225892                 0.0007694340476                -0.0203663811973                -0.0002230897480                -0.0232304033558
                -1.1200000000000                 0.2104184146350                 0.0247141573136                 0.0939025886663                 0.0015221224123                -0.0245575920042                -0.0005689142732                -0.0297274880650
                -1.1000000000000                 0.2278732253440                 0.0293265526577                 0.1127967120696                 0.0028851481371                -0.0287265011763                -0.0013290486888                -0.0378735651281
                -1.0800000000000                 0.2465517522078                 0.0341511888157                 0.1342260824629                 0.0053226269847                -0.0323019820313                -0.0029070552845                -0.0483709584864
                -1.0600000000000                 0.2680839066630                 0.0391603896014                 0.1589915779367                 0.0096117775743                -0.0341421248161                -0.0059819951421                -0.0622679340103
                -1.0400000000000                 0.2916216872181                 0.0444638579829                 0.1877006108718                 0.0165043319851                -0.0326486948773                -0.0111113794994                -0.0800991274029
                -1.0200000000000                 0.3106027092214                 0.0502204095424                 0.2190217904864                 0.0253409119445                -0.0278279471727                -0.0174245026133                -0.0998344334152
                -1.0000000000000                 0.3215878790149                 0.0563610240480                 0.2507450687270                 0.0345390783752                -0.0217570704139                -0.0234356915377                -0.1188785519986
                -0.9800000000000                 0.3271752275433                 0.0627332389513                 0.2820864882582                 0.0434132744505                -0.0157886441342                -0.0287401633724                -0.1367049660691
                -0.9600000000000                 0.3300086939376                 0.0692491652764                 0.3130472229070                 0.0518881435512                -0.0103129220591                -0.0334743563825                -0.1536237254404
                -0.9400000000000                 0.3314895702633                 0.0758698379347                 0.3437515147250                 0.0600170423284                -0.0054057752355                -0.0378181155470                -0.1699551425225
                -0.9200000000000                 0.3322887286215                 0.0825818644043                 0.3743052995922                 0.0678495256374                -0.0010855690970                -0.0419054793656                -0.1859188154471
                -0.9000000000000                 0.3327317522326                 0.0893867248752                 0.4047864012434                 0.0753951786000                 0.0025997316366                -0.0458297259124                -0.2016582121316
                -0.8800000000000                 0.3329826016457                 0.0962946794894                 0.4352522645983                 0.0825906331758                 0.0055114736220                -0.0496558330086                -0.2172684742045
                -0.8600000000000                 0.3331269788124                 0.1033176908908                 0.4657458594261                 0.0892441110730                 0.0073309947873                -0.0534265863279                -0.2328136300111
                -0.8400000000000                 0.3332111351616                 0.1104555924480                 0.4962972097257                 0.0949577431546                 0.0074167010876                -0.0571582621128                -0.2483351057981
                -0.8200000000000                 0.3332606915468                 0.1176633394077                 0.5269194453684                 0.0990880083507                 0.0046453360650                -0.0608156889801                -0.2638528010298
                -0.8000000000000                 0.3332901500504                 0.1247617690255                 0.5575884090515                 0.1009269439596                -0.0025280833438                -0.0642355635165                -0.2793515636957
                -0.7800000000000                 0.3333079157892                 0.1311568208523                 0.5881155929746                 0.1002544898612                -0.0153015058993                -0.0669240894733                -0.2946936579552
                -0.7600000000000                 0.3333192130569                 0.1349726329635                 0.6173995530405                 0.0978569550018                -0.0326610875656                -0.0677126833444                -0.3091316501056
                -0.7400000000000                 0.3333282934881                 0.1318352303268                 0.6409385664135                 0.0956535323717                -0.0485409644969                -0.0653446904066                -0.3197226379225
                -0.7200000000000                 0.3333388469499                 0.1182199525477                 0.6511405164620                 0.0972165043684                -0.0536921949406                -0.0617029590339                -0.3215783344332
                -0.7000000000000                 0.3333514557745                 0.0963282699937                 0.6472527599824                 0.1049979700077                -0.0471042776702                -0.0592334703447                -0.3140686320300
                -0.6800000000000                 0.3333673903924                 0.0732660351590                 0.6373390788657                 0.1154106023005                -0.0362800192518                -0.0567211469173                -0.3010970932113
                -0.6600000000000                 0.3333913005448                 0.0566928854764                 0.6290963790615                 0.1233108720825                -0.0279118361196                -0.0534673420935                -0.2861815808405
                -0.6400000000000                 0.3334300783985                 0.0485435907486                 0.6247634476919                 0.1271650311177                -0.0237240891189                -0.0498012350565                -0.2707582594948
                -0.6200000000000                 0.3334943131624                 0.0469699966950                 0.6236684427483                 0.1277415999042                -0.0228778657948                -0.0460297131914                -0.2552331364051
                -0.6000000000000                 0.3336015613037                 0.0497449799818                 0.6247310389469                 0.1261045321449                -0.0242458943489                -0.0422888374977                -0.2397080266028
                -0.5800000000000                 0.3337816838653                 0.0554498143078                 0.6272350260831                 0.1229348365947                -0.0271072040417                -0.0386184234933                -0.2241968876570
                -0.5600000000000                 0.3340861357197                 0.0634283477518                 0.6308345465442                 0.1185325010108                -0.0311317588721                -0.0350162853349                -0.2086823163247
                -0.5400000000000                 0.3346045837785                 0.0734957198115                 0.6354111927795                 0.1129555213876                -0.0362317933533                -0.0314646114373                -0.1931318590255
                -0.5200000000000                 0.3354948833449                 0.0857037076850                 0.6409559145159                 0.1061338496218                -0.0424423611021                -0.0279416468446                -0.1775037458137
                -0.5000000000000                 0.3370365691418                 0.1001771469165                 0.6474879967218                 0.0979492538890                -0.0498383899012                -0.0244269731440                -0.1617514455700
                -0.4800000000000                 0.3397211086815                 0.1169853499464                 0.6549982917489                 0.0883014520300                -0.0584683519558                -0.0209055281771                -0.1458352013159
                -0.4600000000000                 0.3443776509724                 0.1360184877527                 0.6634148090732                 0.0771840112271                -0.0682854776896                -0.0173758111341                -0.1297568572013
                -0.4400000000000                 0.3522378833027                 0.1568364895147                 0.6726031767317                 0.0648064760303                -0.0790513150235                -0.0138716437888                -0.1136511631810
                -0.4200000000000                 0.3645710486739                 0.1784718405308                 0.6824204857008                 0.0517963446278                -0.0901916780533                -0.0105074371808                -0.0979620410030
                -0.4000000000000                 0.3814821152977                 0.1993759190828                 0.6928106563922                 0.0393273477313                -0.1007285613272                -0.0075152984444                -0.0835690891779
                -0.3800000000000                 0.4010848082327                 0.2180010026821                 0.7038364527435                 0.0286885566594                -0.1096490805626                -0.0051551050401                -0.0714531977754
                -0.3600000000000                 0.4210162262605                 0.2336819985086                 0.7155718819906                 0.0204751695875                -0.1165299961010                -0.0035181597251                -0.0620423398489
                -0.3400000000000                 0.4401344805694                 0.2465989818269                 0.7280083797259                 0.0145155640938                -0.1215520142870                -0.0024965533919                -0.0551462508193
                -0.3200000000000                 0.4583433908941                 0.2571244384856                 0.7410662222368                 0.0103994249174                -0.1250575715536                -0.0019122175796                -0.0503736217887
                -0.3000000000000                 0.4759062500583                 0.2654529694286                 0.7546345959560                 0.0078166778195                -0.1272832589631                -0.0016109045693                -0.0474010464375
                -0.2800000000000                 0.4931176217949                 0.2715763414951                 0.7686101421650                 0.0066146318946                -0.1283282914996                -0.0014903506594                -0.0460312901267
                -0.2600000000000                 0.5102331939703                 0.2753903477404                 0.7829388846755                 0.0067443557626                -0.1282151951466                -0.0015027264544                -0.0461785451998
                -0.2400000000000                 0.5274920121561                 0.2767753978491                 0.7976422220725                 0.0082102717886                -0.1269424405308                -0.0016531858222                -0.0478518304971
                -0.2200000000000                 0.5451570665419                 0.2755614888174                 0.8128010517333                 0.0110764429102                -0.1244779237535                -0.0020000750663                -0.0511570194325
                -0.2000000000000                 0.5635273579386                 0.2713928638449                 0.8285055015638                 0.0155235331851                -0.1206991984824                -0.0026563622790                -0.0563156707111
                -0.1800000000000                 0.5828336943281                 0.2636226684912                 0.8448092302366                 0.0218920202739                -0.1153412254185                -0.0037846399155                -0.0636734928177
                -0.1600000000000                 0.6028359421847                 0.2514918259048                 0.8617242906968                 0.0305834499974                -0.1080626519582                -0.0055592331916                -0.0736123832086
                -0.1400000000000                 0.6221184369052                 0.2349121032336                 0.8792674788743                 0.0416566223372                -0.0987686227086                -0.0080575955092                -0.0862310234439
                -0.1200000000000                 0.6382263794175                 0.2154135509436                 0.8975175230875                 0.0543415477293                -0.0880252786096                -0.0111448891353                -0.1009613345835
                -0.1000000000000                 0.6496179895137                 0.1956169738498                 0.9166080610738                 0.0673042596482                -0.0768924681857                -0.0145511025841                -0.1167880349289
                -0.0800000000000                 0.6567413865198                 0.1776188970994                 0.9366774444035                 0.0794682696684                -0.0662797968022                -0.0180659239776                -0.1329105783308
                -0.0600000000000                 0.6609271990947                 0.1624302539636                 0.9578360448876                 0.0903056701610                -0.0566838396220                -0.0215950949572                -0.1489616891796
                -0.0400000000000                 0.6633354796239                 0.1503315098324                 0.9801463933777                 0.0996625778783                -0.0482955917751                -0.0251144853279                -0.1648439003272
                -0.0200000000000                 0.6647193893640                 0.1412481033928                 1.0036160507875                 0.1075712533518                -0.0411369361415                -0.0286293575014                -0.1805682965505
                 0.0000000000000                 0.6655198059316                 0.1349672164807                 1.0282130281110                 0.1141407640470                -0.0351491741822                -0.0321562369996                -0.1961776232190
                 0.0200000000000                 0.6659866987712                 0.1312786167940                 1.0539032561499                 0.1194852457693                -0.0302597123639                -0.0357160947160                -0.2117180165884
                 0.0400000000000                 0.6662612991452                 0.1301043695858                 1.0807072670759                 0.1236567954349                -0.0264501214366                -0.0393304462507                -0.2272297256823
                 0.0600000000000                 0.6664239763124                 0.1316593565339                 1.1087817058690                 0.1265603745354                -0.0238447262288                -0.0430152840171                -0.2427428657242
                 0.0800000000000                 0.6665209491666                 0.1366720937203                 1.1385353411241                 0.1278320688479                -0.0228384914510                -0.0467673239962                -0.2582705897498
                 0.1000000000000                 0.6665791015689                 0.1465957201343                 1.1707397496748                 0.1267055473656                -0.0242412854035                -0.0505332773618                -0.2737885379538
                 0.1200000000000                 0.6666142922709                 0.1633100667727                 1.2063498670997                 0.1220854878694                -0.0292169453119                -0.0541490511461                -0.2891616663512
                 0.1400000000000                 0.6666361754018                 0.1868781880513                 1.2450982295982                 0.1134549842147                -0.0383393008848                -0.0572735693178                -0.3038638167628
                 0.1600000000000                 0.6666511738745                 0.2101999598878                 1.2814362717950                 0.1030785232051                -0.0490082591115                -0.0596650354738                -0.3161113418796
                 0.1800000000000                 0.6666633974174                 0.2176418976723                 1.3011576040164                 0.0964256323673                -0.0537480596104                -0.0623344086564                -0.3220264157955
                 0.2000000000000                 0.6666735146141                 0.1990395943781                 1.2913040123048                 0.0959250008631                -0.0460348192484                -0.0660304887304                -0.3182029042186
                 0.2200000000000                 0.6666826864536                 0.1623967046941                 1.2592300059440                 0.0983869934356                -0.0290990119673                -0.0677869357269                -0.3064697191268
                 0.2400000000000                 0.6666949126847                 0.1265849390833                 1.2259813992972                 0.1005553325326                -0.0123581881885                -0.0664998359039                -0.2917236563206
                 0.2600000000000                 0.6667144873883                 0.1036659021238                 1.2024718758412                 0.1007746252239                -0.0007063219323                -0.0636013195316                -0.2763252804013
                 0.2800000000000                 0.6667470734573                 0.0961113755568                 1.1897468876745                 0.0984463172352                 0.0054821465519                -0.0601109017833                -0.2608184405611
                 0.3000000000000                 0.6668019973140                 0.1007484681762                 1.1851207977388                 0.0939504684036                 0.0075813480559                -0.0564318758714                -0.2453003708476
                 0.3200000000000                 0.6668954416520                 0.1132760035024                 1.1856033650572                 0.0880013819444                 0.0070854415774                -0.0526922614294                -0.2297764764131
                 0.3400000000000                 0.6670561137630                 0.1304273103839                 1.1891227297278                 0.0812173502192                 0.0050144699242                -0.0489129873321                -0.2142224861768
                 0.3600000000000                 0.6673360779007                 0.1503405824120                 1.1944900168893                 0.0739436247001                 0.0019336850107                -0.0450717250418                -0.1985928162767
                 0.3800000000000                 0.6678323660928                 0.1720668270245                 1.2010642563083                 0.0663398148509                -0.0018828656022                -0.0411214401392                -0.1828182522747
                 0.4000000000000                 0.6687319073424                 0.1951530221639                 1.2084698607602                 0.0584518537984                -0.0063198863813                -0.0369923480337                -0.1667958763895
                 0.4200000000000                 0.6704087223703                 0.2193623012634                 1.2164027574210                 0.0502599992913                -0.0113398061504                -0.0325842934683                -0.1503698336692
                 0.4400000000000                 0.6736379982473                 0.2444577013874                 1.2244572429167                 0.0417102169920                -0.0169221943596                -0.0277538309719                -0.1333018621760
                 0.4600000000000                 0.6800301646825                 0.2698983012105                 1.2318643924818                 0.0327576537223                -0.0229596929862                -0.0223160940792                -0.1152548847617
                 0.4800000000000                 0.6924589399412                 0.2940879352517                 1.2370165308176                 0.0235435542236                -0.0289361549677                -0.0161809624759                -0.0959787447934
                 0.5000000000000                 0.7128740286406                 0.3131175601016                 1.2374090537701                 0.0149538548696                -0.0332479544217                -0.0099615477112                -0.0763582483192
                 0.5200000000000                 0.7363921174471                 0.3231168833350                 1.2326181634810                 0.0085822467337                -0.0339973069879                -0.0052251708630                -0.0592325785907
                 0.5400000000000                 0.7572793887949                 0.3257448865591                 1.2257568503178                 0.0047293723297                -0.0316928358596                -0.0025057971687                -0.0460869490380
                 0.5600000000000                 0.7755857236741                 0.3246219177345                 1.2191925843689                 0.0025525221339                -0.0279340199483                -0.0011323180991                -0.0361228200546
                 0.5800000000000                 0.7929781486300                 0.3218931927412                 1.2136824283888                 0.0013372314548                -0.0237280767068                -0.0004774030017                -0.0283433582198
                 0.6000000000000                 0.8107082129602                 0.3185862203992                 1.2093387113651                 0.0006689554131                -0.0195712134518                -0.0001834516458                -0.0221136956336
                 0.6200000000000                 0.8295192200829                 0.3152103591420                 1.2060761184870                 0.0003137027732                -0.0157103067747                -0.0000624686697                -0.0170591565938
                 0.6400000000000                 0.8497327440321                 0.3120366205161                 1.2037449379756                 0.0001352044077                -0.0122714323006                -0.0000182918308                -0.0129499244733
                 0.6600000000000                 0.8712486632433                 0.3092148012236                 1.2021717775668                 0.0000524762856                -0.0093153424660                -0.0000044720906                -0.0096338173652
                 0.6800000000000                 0.8935025048370                 0.3068225101773                 1.2011781789474                 0.0000179952155                -0.0068618123837                -0.0000008902948                -0.0069992444820
                 0.7000000000000                 0.9154796016023                 0.3048855838926                 1.2005958750660                 0.0000053745630                -0.0049001276536                -0.0000001420779                -0.0049540353833
                 0.7200000000000                 0.9358934875839                 0.3033881891860                 1.2002810267409                 0.0000013900986                -0.0033937564401                -0.0000000181497                -0.0034128809294
                 0.7400000000000                 0.9535482600778                 0.3022822265992                 1.2001240688944                 0.0000003130862                -0.0022846825029                -0.0000000018840                -0.0022908385670
                 0.7600000000000                 0.9677252595714                 0.3014996176862                 1.2000515580802                 0.0000000623302                -0.0015009017651                -0.0000000001636                -0.0015027197020
                 0.7800000000000                 0.9783510904086                 0.3009662600204                 1.2000202657402                -0.0000000048699                -0.0009669596384                -0.0000000000198                -0.0009674440640
                 0.8000000000000                 0.9858674995889                 0.3006134786742                 1.2000074477874                 0.0000000046134                -0.0006139466333                 0.0000000000320                -0.0006140846898
                 0.8200000000000                 0.9909529424628                 0.3003864853118                 1.2000029289179                -0.0000002502472                -0.0003860621355                 0.0000000000305                -0.0003858920150
                 0.8400000000000                 0.9942854538489                 0.3002406824425                 1.1999994504678                -0.0000006414756                -0.0002402073422                 0.0000000003124                -0.0002408474635
                 0.8600000000000                 0.9964221770221                 0.3001511347842                 1.1999990041413                -0.0000013510819                -0.0001490935265                -0.0000000016898                -0.0001496534286
                 0.8800000000000                 0.9977726694578                 0.3000884845073                 1.2000018606789                 0.0000030400608                -0.0000936759741                 0.0000000002769                -0.0000927238561
                 0.9000000000000                 0.9986183937673                 0.3000604816135                 1.1999959702324                -0.0000035624865                -0.0000553673490                -0.0000000031983                -0.0000573468104
                 0.9200000000000                 0.9991449304718                 0.3000537781476                 1.2000060050801                -0.0000061481230                -0.0000384635629                -0.0000000020935                -0.0000354225586
                 0.9400000000000                 0.9994715471160                 0.3000410319312                 1.2000908318404                 0.0000358469874                -0.0000672913118                -0.0000000133860                -0.0000218858048
                 0.9600000000000                 0.9996736894965                 0.2998134654037                 1.1999229579763                 0.0000611551161                 0.0000249459803                 0.0000004148263                -0.0000134289022
                 0.9800000000000                 0.9997986180590                 0.2991023007205                 1.1991558896470                 0.0000311855358                 0.0004133845599                 0.0000001147299                -0.0000079880032
                 1.0000000000000                 0.9998757591173                 0.2976641960094                 1.1973296649164                -0.0001678701721                 0.0013305366702                 0.0000026670402                -0.0000056439252
