                -1.5000000000000                 0.0003585905632                 0.0000148405758                 0.0000593569692                 0.0000000000000                -0.0000148300566                -0.0000000000000                -0.0000148300585
                -1.4800000000000                 0.0005806485240                 0.0000240493304                 0.0000961833172                 0.0000000000000                -0.0000240322744                -0.0000000000000                -0.0000240322825
                -1.4600000000000                 0.0009393133294                 0.0000389534722                 0.0001557771615                 0.0000000000000                -0.0000389258213                -0.0000000000000                -0.0000389258557
                -1.4400000000000                 0.0015171753076                 0.0000630452565                 0.0002520848764                 0.0000000000002                -0.0000630004391                 0.0000000000000                -0.0000630005850
                -1.4200000000000                 0.0024444666394                 0.0001019101904                 0.0004073897657                 0.0000000000015                -0.0001018375751                 0.0000000000000                -0.0001018381898
                -1.4000000000000                 0.0039230017475                 0.0001644066040                 0.0006569741807                 0.0000000000102                -0.0001642890164                -0.0000000000000                -0.0001642915879
                -1.3800000000000                 0.0062568468569                 0.0002643964714                 0.0010559032027                 0.0000000000673                -0.0002642062325                -0.0000000000000                -0.0002642168647
                -1.3600000000000                 0.0098837344692                 0.0004231217481                 0.0016881946753                 0.0000000004346                -0.0004228144106                -0.0000000000001                -0.0004228575830
                -1.3400000000000                 0.0153887927037                 0.0006721030637                 0.0026776510133                 0.0000000027027                -0.0006716076625                -0.0000000000014                -0.0006717782156
                -1.3200000000000                 0.0234633275842                 0.0010559246716                 0.0041974047294                 0.0000000158904                -0.0010551289885                -0.0000000000206                -0.0010557761814
                -1.3000000000000                 0.0347613646604                 0.0016334714494                 0.0064719537102                 0.0000000863728                -0.0016322014723                -0.0000000002671                -0.0016345232533
                -1.2800000000000                 0.0496442853868                 0.0024756120176                 0.0097636241205                 0.0000004234676                -0.0024736113566                -0.0000000029787                -0.0024813508225
                -1.2600000000000                 0.0679144470925                 0.0036580734779                 0.0143400171244                 0.0000018313537                -0.0036550189578                -0.0000000276074                -0.0036786248662
                -1.2400000000000                 0.0887370060297                 0.0052507857255                 0.0204316843833                 0.0000068845225                -0.0052464608761                -0.0000002070490                -0.0053117054773
                -1.2200000000000                 0.1108650835553                 0.0073073799135                 0.0282000568183                 0.0000224193654                -0.0073022175899                -0.0000012417507                -0.0074653735945
                -1.2000000000000                 0.1330415618889                 0.0098581473316                 0.0377309956038                 0.0000637284155                -0.0098540573147                -0.0000059822600                -0.0102255881356
                -1.1800000000000                 0.1543321356796                 0.0129072218499                 0.0490530310224                 0.0001606116647                -0.0129071957977                -0.0000235692878                -0.0136871190273
                -1.1600000000000                 0.1742654569972                 0.0164329456833                 0.0621691484009                 0.0003659678719                -0.0164349624744                -0.0000779649935                -0.0179674711277
                -1.1400000000000                 0.1928270818830                 0.0203902027851                 0.0770944225892                 0.0007694340476                -0.0203663811973                -0.0002230897480                -0.0232304033558
                -1.1200000000000                 0.2104184146350                 0.0247141573136                 0.0939025886663                 0.0015221224123                -0.0245575920042                -0.0005689142732                -0.0297274880650
                -1.1000000000000                 0.2278732253440                 0.0293265526577                 0.1127967120696                 0.0028851481371                -0.0287265011763                -0.0013290486888                -0.0378735651281
                -1.0800000000000                 0.2465517522078                 0.0341511888157                 0.1342260824629                 0.0053226269847                -0.0323019820313                -0.0029070552845                -0.0483709584864
                -1.0600000000000                 0.2680839066630                 0.0391603896014                 0.1589915779367                 0.0096117775743                -0.0341421248161                -0.0059819951421                -0.0622679340103
                -1.0400000000000                 0.2916216872181                 0.0444638579829                 0.1877006108718                 0.0165043319851                -0.0326486948772                -0.0111113794994                -0.0800991274029
                -1.0200000000000                 0.3106027092214                 0.0502204095424                 0.2190217904864                 0.0253409119445                -0.0278279471727                -0.0174245026133                -0.0998344334152
                -1.0000000000000                 0.3215878790149                 0.0563610240480                 0.2507450687270                 0.0345390783752                -0.0217570704139                -0.0234356915377                -0.1188785519986
                -0.9800000000000                 0.3271752275433                 0.0627332389513                 0.2820864882583                 0.0434132744505                -0.0157886441343                -0.0287401633724                -0.1367049660692
                -0.9600000000000                 0.3300086939376                 0.0692491652764                 0.3130472229070                 0.0518881435513                -0.0103129220591                -0.0334743563825                -0.1536237254404
                -0.9400000000000                 0.3314895702633                 0.0758698379347                 0.3437515147251                 0.0600170423284                -0.0054057752355                -0.0378181155470                -0.1699551425225
                -0.9200000000000                 0.3322887286215                 0.0825818644042                 0.3743052995922                 0.0678495256375                -0.0010855690970                -0.0419054793656                -0.1859188154470
                -0.9000000000000                 0.3327317522326                 0.0893867248756                 0.4047864012436                 0.0753951785999                 0.0025997316366                -0.0458297259126                -0.2016582121317
                -0.8800000000000                 0.3329826016457                 0.0962946794890                 0.4352522645981                 0.0825906331759                 0.0055114736218                -0.0496558330083                -0.2172684742044
                -0.8600000000000                 0.3331269788124                 0.1033176908897                 0.4657458594254                 0.0892441110733                 0.0073309947874                -0.0534265863274                -0.2328136300106
                -0.8400000000000                 0.3332111351616                 0.1104555924474                 0.4962972097252                 0.0949577431548                 0.0074167010875                -0.0571582621123                -0.2483351057976
                -0.8200000000000                 0.3332606915468                 0.1176633394025                 0.5269194453658                 0.0990880083531                 0.0046453360655                -0.0608156889776                -0.2638528010286
                -0.8000000000000                 0.3332901500504                 0.1247617690176                 0.5575884090469                 0.1009269439632                -0.0025280833415                -0.0642355635131                -0.2793515636934
                -0.7800000000000                 0.3333079157892                 0.1311568208499                 0.5881155929741                 0.1002544898627                -0.0153015059002                -0.0669240894709                -0.2946936579546
                -0.7600000000000                 0.3333192130569                 0.1349726329363                 0.6173995530248                 0.0978569550160                -0.0326610875545                -0.0677126833315                -0.3091316500972
                -0.7400000000000                 0.3333282934881                 0.1318352303109                 0.6409385664077                 0.0956535323795                -0.0485409644922                -0.0653446903992                -0.3197226379208
                -0.7200000000000                 0.3333388469499                 0.1182199525602                 0.6511405164698                 0.0972165043618                -0.0536921949469                -0.0617029590396                -0.3215783344377
                -0.7000000000000                 0.3333514557745                 0.0963282700090                 0.6472527599929                 0.1049979699995                -0.0471042776791                -0.0592334703488                -0.3140686320349
                -0.6800000000000                 0.3333673903924                 0.0732660351893                 0.6373390788840                 0.1154106022850                -0.0362800192678                -0.0567211469240                -0.3010970932177
                -0.6600000000000                 0.3333913005448                 0.0566928854892                 0.6290963790688                 0.1233108720761                -0.0279118361261                -0.0534673420954                -0.2861815808424
                -0.6400000000000                 0.3334300783985                 0.0485435907877                 0.6247634477129                 0.1271650310983                -0.0237240891385                -0.0498012350598                -0.2707582594979
                -0.6200000000000                 0.3334943131624                 0.0469699967052                 0.6236684427537                 0.1277415998989                -0.0228778658003                -0.0460297131908                -0.2552331364052
                -0.6000000000000                 0.3336015613037                 0.0497449799835                 0.6247310389475                 0.1261045321441                -0.0242458943496                -0.0422888374976                -0.2397080266024
                -0.5800000000000                 0.3337816838653                 0.0554498142846                 0.6272350260713                 0.1229348366061                -0.0271072040303                -0.0386184234924                -0.2241968876563
                -0.5600000000000                 0.3340861357197                 0.0634283477454                 0.6308345465410                 0.1185325010140                -0.0311317588688                -0.0350162853349                -0.2086823163247
                -0.5400000000000                 0.3346045837785                 0.0734957198095                 0.6354111927786                 0.1129555213886                -0.0362317933523                -0.0314646114373                -0.1931318590256
                -0.5200000000000                 0.3354948833449                 0.0857037076785                 0.6409559145126                 0.1061338496250                -0.0424423610988                -0.0279416468446                -0.1775037458137
                -0.5000000000000                 0.3370365691418                 0.1001771469160                 0.6474879967215                 0.0979492538893                -0.0498383899010                -0.0244269731440                -0.1617514455700
                -0.4800000000000                 0.3397211086815                 0.1169853499452                 0.6549982917483                 0.0883014520306                -0.0584683519552                -0.0209055281771                -0.1458352013159
                -0.4600000000000                 0.3443776509724                 0.1360184877507                 0.6634148090722                 0.0771840112281                -0.0682854776885                -0.0173758111341                -0.1297568572012
                -0.4400000000000                 0.3522378833027                 0.1568364895156                 0.6726031767322                 0.0648064760298                -0.0790513150239                -0.0138716437888                -0.1136511631810
                -0.4200000000000                 0.3645710486739                 0.1784718405344                 0.6824204857026                 0.0517963446259                -0.0901916780552                -0.0105074371808                -0.0979620410030
                -0.4000000000000                 0.3814821152977                 0.1993759190828                 0.6928106563922                 0.0393273477313                -0.1007285613272                -0.0075152984444                -0.0835690891779
                -0.3800000000000                 0.4010848082327                 0.2180010026820                 0.7038364527435                 0.0286885566594                -0.1096490805626                -0.0051551050401                -0.0714531977754
                -0.3600000000000                 0.4210162262606                 0.2336819985086                 0.7155718819906                 0.0204751695875                -0.1165299961010                -0.0035181597251                -0.0620423398489
                -0.3400000000000                 0.4401344805694                 0.2465989818269                 0.7280083797259                 0.0145155640937                -0.1215520142870                -0.0024965533919                -0.0551462508193
                -0.3200000000000                 0.4583433908941                 0.2571244384856                 0.7410662222368                 0.0103994249174                -0.1250575715536                -0.0019122175796                -0.0503736217887
                -0.3000000000000                 0.4759062500583                 0.2654529694286                 0.7546345959560                 0.0078166778195                -0.1272832589631                -0.0016109045693                -0.0474010464375
                -0.2800000000000                 0.4931176217949                 0.2715763414951                 0.7686101421650                 0.0066146318946                -0.1283282914996                -0.0014903506594                -0.0460312901267
                -0.2600000000000                 0.5102331939703                 0.2753903477405                 0.7829388846755                 0.0067443557626                -0.1282151951466                -0.0015027264544                -0.0461785451998
                -0.2400000000000                 0.5274920121561                 0.2767753978491                 0.7976422220725                 0.0082102717886                -0.1269424405308                -0.0016531858222                -0.0478518304971
                -0.2200000000000                 0.5451570665419                 0.2755614888174                 0.8128010517333                 0.0110764429102                -0.1244779237535                -0.0020000750663                -0.0511570194325
                -0.2000000000000                 0.5635273579386                 0.2713928638450                 0.8285055015638                 0.0155235331851                -0.1206991984825                -0.0026563622790                -0.0563156707111
                -0.1800000000000                 0.5828336943281                 0.2636226684908                 0.8448092302364                 0.0218920202741                -0.1153412254183                -0.0037846399155                -0.0636734928177
                -0.1600000000000                 0.6028359421845                 0.2514918259041                 0.8617242906964                 0.0305834499977                -0.1080626519580                -0.0055592331916                -0.0736123832086
                -0.1400000000000                 0.6221184369052                 0.2349121032335                 0.8792674788742                 0.0416566223373                -0.0987686227085                -0.0080575955092                -0.0862310234439
                -0.1200000000000                 0.6382263794175                 0.2154135509437                 0.8975175230877                 0.0543415477292                -0.0880252786097                -0.0111448891352                -0.1009613345835
                -0.1000000000000                 0.6496179895135                 0.1956169738489                 0.9166080610734                 0.0673042596486                -0.0768924681853                -0.0145511025840                -0.1167880349290
                -0.0800000000000                 0.6567413865198                 0.1776188971017                 0.9366774444047                 0.0794682696673                -0.0662797968033                -0.0180659239776                -0.1329105783309
                -0.0600000000000                 0.6609271990947                 0.1624302539647                 0.9578360448883                 0.0903056701604                -0.0566838396226                -0.0215950949571                -0.1489616891796
                -0.0400000000000                 0.6633354796240                 0.1503315098375                 0.9801463933771                 0.0996625778760                -0.0482955917754                -0.0251144853294                -0.1648439003269
                -0.0200000000000                 0.6647193893643                 0.1412481033960                 1.0036160507792                 0.1075712533507                -0.0411369361363                -0.0286293575057                -0.1805682965491
                 0.0000000000000                 0.6655198059318                 0.1349672164919                 1.0282130281027                 0.1141407640423                -0.0351491741778                -0.0321562370057                -0.1961776232173
                 0.0200000000000                 0.6659866987714                 0.1312786167945                 1.0539032561335                 0.1194852457697                -0.0302597123526                -0.0357160947227                -0.2117180165860
                 0.0400000000000                 0.6662612991716                 0.1301043697500                 1.0807072629125                 0.1236567954907                -0.0264501186188                -0.0393304479237                -0.2272297250337
                 0.0600000000000                 0.6664239763119                 0.1316593569312                 1.1087817062246                 0.1265603743721                -0.0238447264884                -0.0430152840005                -0.2427428657765
                 0.0800000000000                 0.6665209491049                 0.1366720825511                 1.1385353626973                 0.1278320726258                -0.0228385056609                -0.0467673126755                -0.2582705932631
                 0.1000000000000                 0.6665791015645                 0.1465957191929                 1.1707397524466                 0.1267055476735                -0.0242412872486                -0.0505332760810                -0.2737885384033
                 0.1200000000000                 0.6666142922448                 0.1633100169103                 1.2063498728831                 0.1220855046993                -0.0292169498935                -0.0541490329309                -0.2891616665483
                 0.1400000000000                 0.6666361754527                 0.1868782523866                 1.2450981574935                 0.1134549582337                -0.0383392547285                -0.0572736094404                -0.3038638046857
                 0.1600000000000                 0.6666511738933                 0.2102000783420                 1.2814362592078                 0.1030784802633                -0.0490082480491                -0.0596650721623                -0.3161113424124
                 0.1800000000000                 0.6666633974899                 0.2176429266330                 1.3011573808498                 0.0964251733844                -0.0537479273775                -0.0623346464284                -0.3220263882458
                 0.2000000000000                 0.6666735146304                 0.1990413278954                 1.2913038209728                 0.0959241892264                -0.0460347093830                -0.0660307374556                -0.3182028919916
                 0.2200000000000                 0.6666826864830                 0.1623922718211                 1.2592311198667                 0.0983894502393                -0.0290995639497                -0.0677866548753                -0.3064699002701
                 0.2400000000000                 0.6666949128032                 0.1265726345610                 1.2259826923108                 0.1005617018448                -0.0123588379521                -0.0664993140495                -0.2917238215839
                 0.2600000000000                 0.6667144872833                 0.1036740755829                 1.2024712775920                 0.1007704208631                -0.0007060199414                -0.0636015439185                -0.2763252139735
                 0.2800000000000                 0.6667470732779                 0.0961222672418                 1.1897465013773                 0.0984408415765                 0.0054823453344                -0.0601111172754                -0.2608183906157
                 0.3000000000000                 0.6668019968928                 0.1007655510108                 1.1851198451074                 0.0939416631353                 0.0075818280564                -0.0564321259386                -0.2453002871208
                 0.3200000000000                 0.6668954416181                 0.1132769996560                 1.1856033084314                 0.0880008657635                 0.0070854699390                -0.0526922727694                -0.2297764719249
                 0.3400000000000                 0.6670561137972                 0.1304266196671                 1.1891227472212                 0.0812176989667                 0.0050144609547                -0.0489129805616                -0.2142224879253
                 0.3600000000000                 0.6673360779139                 0.1503404197346                 1.1944900327243                 0.0739437127017                 0.0019336770894                -0.0450717237429                -0.1985928168774
                 0.3800000000000                 0.6678323661080                 0.1720667049467                 1.2010642603619                 0.0663398772283                -0.0018828676775                -0.0411214392661                -0.1828182524778
                 0.4000000000000                 0.6687319073249                 0.1951531098393                 1.2084698589033                 0.0584518094407                -0.0063198854108                -0.0369923485726                -0.1667958762928
                 0.4200000000000                 0.6704087223369                 0.2193623969521                 1.2164027521814                 0.0502599492364                -0.0113398034872                -0.0325842939867                -0.1503698335629
                 0.4400000000000                 0.6736379982471                 0.2444577018432                 1.2244572429150                 0.0417102167647                -0.0169221943584                -0.0277538309741                -0.1333018621760
                 0.4600000000000                 0.6800301646845                 0.2698982995612                 1.2318643925063                 0.0327576545546                -0.0229596930000                -0.0223160940719                -0.1152548847610
                 0.4800000000000                 0.6924589399413                 0.2940879352059                 1.2370165308150                 0.0235435542451                -0.0289361549664                -0.0161809624757                -0.0959787447934
                 0.5000000000000                 0.7128740286406                 0.3131175600970                 1.2374090537705                 0.0149538548721                -0.0332479544220                -0.0099615477112                -0.0763582483191
                 0.5200000000000                 0.7363921174471                 0.3231168833170                 1.2326181634784                 0.0085822467414                -0.0339973069866                -0.0052251708629                -0.0592325785907
                 0.5400000000000                 0.7572793887951                 0.3257448863531                 1.2257568502820                 0.0047293724146                -0.0316928358417                -0.0025057971684                -0.0460869490381
                 0.5600000000000                 0.7755857236742                 0.3246219177138                 1.2191925843640                 0.0025525221417                -0.0279340199458                -0.0011323180991                -0.0361228200546
                 0.5800000000000                 0.7929781486300                 0.3218931927408                 1.2136824283866                 0.0013372314539                -0.0237280767057                -0.0004774030017                -0.0283433582198
                 0.6000000000000                 0.8107082129602                 0.3185862203873                 1.2093387113610                 0.0006689554170                -0.0195712134497                -0.0001834516458                -0.0221136956336
                 0.6200000000000                 0.8295192200831                 0.3152103562775                 1.2060761181981                 0.0003137040609                -0.0157103066302                -0.0000624686694                -0.0170591565941
                 0.6400000000000                 0.8497327440321                 0.3120366201042                 1.2037449378575                 0.0001352045546                -0.0122714322415                -0.0000182918308                -0.0129499244734
                 0.6600000000000                 0.8712486632433                 0.3092148011581                 1.2021717775401                 0.0000524763050                -0.0093153424527                -0.0000044720906                -0.0096338173652
                 0.6800000000000                 0.8935025048370                 0.3068225102221                 1.2011781789836                 0.0000179952112                -0.0068618124018                -0.0000008902948                -0.0069992444820
                 0.7000000000000                 0.9154796016024                 0.3048855852187                 1.2005958762393                 0.0000053744865                -0.0049001282403                -0.0000001420778                -0.0049540353833
                 0.7200000000000                 0.9358934875839                 0.3033881892486                 1.2002810268617                 0.0000013901277                -0.0033937565006                -0.0000000181496                -0.0034128809293
                 0.7400000000000                 0.9535482600780                 0.3022822425166                 1.2001240850253                 0.0000003131928                -0.0022846905683                -0.0000000018839                -0.0022908385670
                 0.7600000000000                 0.9677252595715                 0.3014996213631                 1.2000515620702                 0.0000000624868                -0.0015009037600                -0.0000000001636                -0.0015027197020
                 0.7800000000000                 0.9783510904088                 0.3009661956061                 1.2000202336383                 0.0000000112901                -0.0009669435970                -0.0000000000123                -0.0009674440527
                 0.8000000000000                 0.9858674995889                 0.3006134989317                 1.2000074624101                 0.0000000018380                -0.0006139539532                -0.0000000000009                -0.0006140846799
                 0.8200000000000                 0.9909529424630                 0.3003856241851                 1.2000025695825                 0.0000000003000                -0.0003858820781                 0.0000000000001                -0.0003858923950
                 0.8400000000000                 0.9942854538490                 0.3002406704086                 1.2000007246192                -0.0000000000331                -0.0002408424443                 0.0000000000000                -0.0002408494380
                 0.8600000000000                 0.9964221770221                 0.3001495415904                 1.2000001163070                 0.0000000006304                -0.0001496503154                -0.0000000000002                -0.0001496527085
                 0.8800000000000                 0.9977726694578                 0.3000932710962                 1.2000005285337                -0.0000000163401                -0.0000930125926                 0.0000000000006                -0.0000927211531
                 0.9000000000000                 0.9986183937673                 0.3000574222059                 1.2000000247302                -0.0000000056885                -0.0000573976379                 0.0000000000053                -0.0000573437653
                 0.9200000000000                 0.9991449304718                 0.3000354828159                 1.1999999870857                -0.0000000132634                -0.0000354528400                -0.0000000000016                -0.0000354242812
                 0.9400000000000                 0.9994715471160                 0.3000218415681                 1.1999999467458                 0.0000000040204                -0.0000218665776                 0.0000000000299                -0.0000218679708
                 0.9600000000000                 0.9996736894965                 0.3000134081558                 1.1999998952088                 0.0000000024389                -0.0000134580856                 0.0000000000129                -0.0000134935346
                 0.9800000000000                 0.9997986180590                 0.3000079873289                 1.1999996835398                 0.0000000177660                -0.0000081765994                 0.0000000002801                -0.0000083238861
                 1.0000000000000                 0.9998757591173                 0.3000022745850                 1.1999985367476                 0.0000007036453                -0.0000044096664                -0.0000000000708                -0.0000051335855
