                -1.5000000000000                 0.0003585905632                 0.0000000000000                 0.0000296758251                 0.0000445110764                -0.0000000000000                -0.0000000000000                -0.0000000000000                -0.0000148247396                -0.0000000000000                -0.0000000000019                -0.0000000000019
                -1.4800000000000                 0.0005806485240                 0.0000000000000                 0.0000480846763                 0.0000721200303                -0.0000000000000                -0.0000000000000                 0.0000000000000                -0.0000240183179                -0.0000000000000                -0.0000000000081                -0.0000000000081
                -1.4600000000000                 0.0009393133294                 0.0000000000001                 0.0000778702690                 0.0001167871002                -0.0000000000000                -0.0000000000000                 0.0000000000000                -0.0000388892323                -0.0000000000000                -0.0000000000344                -0.0000000000344
                -1.4400000000000                 0.0015171753076                 0.0000000000004                 0.0001259944994                 0.0001889438874                -0.0000000000002                -0.0000000000002                -0.0000000000000                -0.0000629047071                -0.0000000000000                -0.0000000001458                -0.0000000001458
                -1.4200000000000                 0.0024444666394                 0.0000000000030                 0.0002035697405                 0.0003052298998                -0.0000000000015                -0.0000000000015                -0.0000000000000                -0.0001015879015                -0.0000000000000                -0.0000000006144                -0.0000000006144
                -1.4000000000000                 0.0039230017475                 0.0000000000203                 0.0003281618982                 0.0004919197253                -0.0000000000102                -0.0000000000102                 0.0000000000000                -0.0001636411770                 0.0000000000000                -0.0000000025700                -0.0000000025700
                -1.3800000000000                 0.0062568468569                 0.0000000001347                 0.0005271126528                 0.0007898392051                -0.0000000000673                -0.0000000000673                 0.0000000000000                -0.0002625387816                -0.0000000000000                -0.0000000106259                -0.0000000106259
                -1.3600000000000                 0.0098837344692                 0.0000000008701                 0.0008419573014                 0.0012608343156                -0.0000000004347                -0.0000000004347                 0.0000000000001                -0.0004185762690                -0.0000000000001                -0.0000000431480                -0.0000000431480
                -1.3400000000000                 0.0153887927037                 0.0000000054134                 0.0013334602744                 0.0019949772966                -0.0000000027040                -0.0000000027040                 0.0000000000014                -0.0006610398783                -0.0000000000014                -0.0000001704786                -0.0000001704779
                -1.3200000000000                 0.0234633275856                 0.0000000318622                 0.0020855928466                 0.0031158445933                -0.0000000159087                -0.0000000159082                 0.0000000000207                -0.0010295102673                -0.0000000000194                -0.0000006471363                -0.0000006471269
                -1.3000000000000                 0.0347613646970                 0.0000001735983                 0.0032050963689                 0.0047786946018                -0.0000000865946                -0.0000000865853                 0.0000000002693                -0.0015725049396                -0.0000000002441                -0.0000023235043                -0.0000023233880
                -1.2800000000000                 0.0496442861357                 0.0000008552717                 0.0048125695283                 0.0071555412881                -0.0000004257317                -0.0000004255836                 0.0000000030318                -0.0023415908283                -0.0000000026132                -0.0000077592106                -0.0000077579862
                -1.2600000000000                 0.0679144585082                 0.0000037327308                 0.0070240943246                 0.0104061576181                -0.0000018500236                -0.0000018481437                 0.0000000285970                -0.0033812039719                -0.0000000229883                -0.0000237515262                -0.0000237409334
                -1.2400000000000                 0.0887371326139                 0.0000142507335                 0.0099299592081                 0.0146453983509                -0.0000070054468                -0.0000069869668                 0.0000002210126                -0.0047184698896                -0.0000001619584                -0.0000660761585                -0.0000660023991
                -1.2200000000000                 0.1108661091685                 0.0000475057380                 0.0135830297803                 0.0199250568564                -0.0000230279338                -0.0000228885298                 0.0000013892436                -0.0063593153470                -0.0000009051446                -0.0001670027038                -0.0001665910542
                -1.2000000000000                 0.1330478201460                 0.0001394272404                 0.0180060442696                 0.0262416222493                -0.0000661229250                -0.0000653068040                 0.0000071643146                -0.0082933382577                -0.0000040422944                -0.0003863431857                -0.0003844806245
                -1.1800000000000                 0.1543622850014                 0.0003658637902                 0.0232176396644                 0.0335658494947                -0.0001681107963                -0.0001643006574                 0.0000309900612                -0.0105033108637                -0.0000147223554                -0.0008288875684                -0.0008219050857
                -1.1600000000000                 0.1743866137835                 0.0008753532685                 0.0292734459295                 0.0418835393466                -0.0003850685239                -0.0003703583832                 0.0001160865174                -0.0129718915623                -0.0000449500061                -0.0016768885004                -0.0016546290188
                -1.1400000000000                 0.1932573487370                 0.0019539997677                 0.0363301744602                 0.0512472351351                -0.0008095619988                -0.0007607425728                 0.0003918096078                -0.0156774256962                -0.0001183393984                -0.0032617350214                -0.0031998754766
                -1.1200000000000                 0.2118535600819                 0.0041885315269                 0.0447827214106                 0.0618710958668                -0.0015896022741                -0.0014459303910                 0.0012525571700                -0.0185611493730                -0.0002734354753                -0.0062512413581                -0.0060991368016
                -1.1000000000000                 0.2326719235832                 0.0089966338765                 0.0556918900907                 0.0744215572452                -0.0029344974607                -0.0025692689932                 0.0040696966370                -0.0213875061312                -0.0005281735351                -0.0122334341224                -0.0119160724394
                -1.0800000000000                 0.2621171652321                 0.0201188535503                 0.0720973130692                 0.0910378960213                -0.0045878110311                -0.0042616217109                 0.0141272163074                -0.0232773507647                -0.0002978936506                -0.0249916617885                -0.0247153212462
                -1.0600000000000                 0.2950868167408                 0.0377122391426                 0.0952617179290                 0.1135099397098                -0.0032859413133                -0.0067929885607                 0.0357153895194                -0.0243537369094                 0.0032626711400                -0.0429740335757                -0.0442429094332
                -1.0400000000000                 0.3137747976119                 0.0534520515139                 0.1195131740148                 0.1382608619695                 0.0018979549862                -0.0103539459226                 0.0571082938251                -0.0270118351925                 0.0099608635441                -0.0582545546315                -0.0619777050136
                -1.0200000000000                 0.3229084159549                 0.0665177008436                 0.1436464363449                 0.1638297964775                 0.0090589623363                -0.0144763569690                 0.0751009101833                -0.0309238704283                 0.0180710362106                -0.0716253673541                -0.0777771870771
                -1.0000000000000                 0.3275619823528                 0.0776848046222                 0.1676312427961                 0.1898165012714                 0.0171347669712                -0.0187001117791                 0.0905203902525                -0.0352506739048                 0.0268936569863                -0.0841482887254                -0.0925418641342
                -0.9800000000000                 0.3300496497900                 0.0875090228571                 0.1914096074675                 0.2159656992282                 0.0255088238827                -0.0226483998760                 0.1041401297821                -0.0392687841269                 0.0360674853509                -0.0962271466654                -0.1066875817236
                -0.9600000000000                 0.3314289878397                 0.0963772241999                 0.2149370442673                 0.2421216212190                 0.0337765417892                -0.0260026534982                 0.1164373204381                -0.0423619075850                 0.0453780660395                -0.1080254814683                -0.1204196440703
                -0.9400000000000                 0.3322140097251                 0.1045498280299                 0.2381857185702                 0.2681959071497                 0.0416256418634                -0.0285552560997                 0.1276392263475                -0.0441126471369                 0.0547002505605                -0.1196150244529                -0.1338533471227
                -0.9200000000000                 0.3326691202507                 0.1121915527941                 0.2611327642553                 0.2941357967018                 0.0487173622330                -0.0303001936501                 0.1377340920330                -0.0444322623574                 0.0639632151873                -0.1310254791875                -0.1470566307398
                -0.9000000000000                 0.3329364754416                 0.1193953628215                 0.2837475961667                 0.3198987491050                 0.0545389154168                -0.0314863953742                 0.1464128418487                -0.0436125537397                 0.0731249147130                -0.1422610531071                -0.1600650772755
                -0.8800000000000                 0.3330950603885                 0.1261838355882                 0.3059665544224                 0.3454264158218                 0.0582258897832                -0.0326088924597                 0.1529479495019                -0.0423006791997                 0.0821545397383                -0.1532976902256                -0.1728828162152
                -0.8600000000000                 0.3331898331208                 0.1324687736605                 0.3276342993131                 0.3706039106683                 0.0584390683658                -0.0343067494725                 0.1561050868064                -0.0414576477973                 0.0910193597026                -0.1640580026749                -0.1854685041551
                -0.8400000000000                 0.3332468464663                 0.1379421030259                 0.3483772985552                 0.3951794668166                 0.0536125392344                -0.0370074012653                 0.1544231354756                -0.0422271758323                 0.0996665721096                -0.1743495663105                -0.1976960505385
                -0.8200000000000                 0.3332814096537                 0.1418732943108                 0.3673632881317                 0.4186047532431                 0.0429562967814                -0.0402766943523                 0.1472892920217                -0.0454585707786                 0.1079755060789                -0.1837454762726                -0.2092704952965
                -0.8000000000000                 0.3333026201272                 0.1428807057971                 0.3829566473462                 0.4397577654882                 0.0275854493673                -0.0425652186633                 0.1362956808042                -0.0508289056391                 0.1156117238551                -0.1914137852566                -0.2195761174220
                -0.7800000000000                 0.3333159330477                 0.1390023781096                 0.3925089450942                 0.4565911620271                 0.0100946164357                -0.0419047295111                 0.1253721039971                -0.0563547947934                 0.1216562858239                -0.1960159389568                -0.2274584412789
                -0.7600000000000                 0.3333246571085                 0.1287139557747                 0.3932110845671                 0.4663359550333                -0.0072778242588                -0.0369580867480                 0.1193023314395                -0.0592518557950                 0.1241696927599                -0.1961365402523                -0.2311945776804
                -0.7400000000000                 0.3333309133205                 0.1130773423156                 0.3862597283935                 0.4690078296420                -0.0230769075635                -0.0286196556580                 0.1192246673718                -0.0590078757610                 0.1217060175442                -0.1923453449119                -0.2299733147516
                -0.7200000000000                 0.3333364827975                 0.0973361924379                 0.3832678508855                 0.4746793719641                -0.0341351620412                -0.0216977671419                 0.1150479290742                -0.0620694181317                 0.1186740981023                -0.1902894134633                -0.2276911829626
                -0.7000000000000                 0.3333434190722                 0.0833292185866                 0.3899911840762                 0.4885657792719                -0.0370057768153                -0.0182099185124                 0.1015387222859                -0.0718865963213                 0.1193201916788                -0.1924359240441                -0.2267096660655
                -0.6800000000000                 0.3333540153780                 0.0663539517062                 0.3945563950606                 0.4993758202528                -0.0330464309519                -0.0136194556061                 0.0904763604921                -0.0808204190634                 0.1192187014998                -0.1921959084477                -0.2221033911290
                -0.6600000000000                 0.3333711727687                 0.0493858094644                 0.3948915714224                 0.5051241966721                -0.0270103252547                -0.0081134411931                 0.0842548043067                -0.0864999818111                 0.1164739336349                -0.1876885098408                -0.2136104321972
                -0.6400000000000                 0.3333992170585                 0.0377094026709                 0.3949804597545                 0.5089547999036                -0.0221991972964                -0.0042492789068                 0.0800009490030                -0.0903236089364                 0.1116559292756                -0.1801196835832                -0.2029519383104
                -0.6200000000000                 0.3334452161467                 0.0338810387757                 0.3977699787589                 0.5131028109168                -0.0199560134298                -0.0035929135650                 0.0755442206341                -0.0936575321818                 0.1055148047175                -0.1707723779526                -0.1912342317005
                -0.6000000000000                 0.3335210634413                 0.0369388339344                 0.4036246118095                 0.5181229317909                -0.0200964210922                -0.0059491625575                 0.0702855254711                -0.0970498677767                 0.0985931992525                -0.1604786395178                -0.1789918351295
                -0.5800000000000                 0.3336468116857                 0.0441066670218                 0.4112961379344                 0.5235472469105                -0.0217293819988                -0.0101146306309                 0.0646289228238                -0.1004477711755                 0.0912292300712                -0.1496815825138                -0.1664619362710
                -0.5600000000000                 0.3338562746452                 0.0526650424623                 0.4192584993691                 0.5286417373214                -0.0239800748565                -0.0148259611316                 0.0592554569446                -0.1035841224802                 0.0836125896160                -0.1385963740626                -0.1537519736601
                -0.5400000000000                 0.3342066610327                 0.0605535597547                 0.4262327884308                 0.5327147469280                -0.0262205932898                -0.0190965870044                 0.0548129309125                -0.1061656115422                 0.0758441325441                -0.1273265299509                -0.1409157717113
                -0.5200000000000                 0.3347951942295                 0.0662315090399                 0.4311810381345                 0.5351429871572                -0.0280281394722                -0.0221729094458                 0.0518820214989                -0.1079108483533                 0.0679764939033                -0.1159276152172                -0.1279863449031
                -0.5000000000000                 0.3357876468754                 0.0684729684175                 0.4332325621091                 0.5353753787250                -0.0291041863448                -0.0234460792967                 0.0509665701843                -0.1085663513025                 0.0600338933168                -0.1044427597136                -0.1149932482144
                -0.4800000000000                 0.3374664403856                 0.0663402213256                 0.4317486372916                 0.5330618109501                -0.0292143447338                -0.0224463918898                 0.0523613402984                -0.1079788699864                 0.0520205202522                -0.0929266927386                -0.1019751997330
                -0.4600000000000                 0.3403072576092                 0.0594015949732                 0.4266047916917                 0.5283873718890                -0.0281430171031                -0.0189570996553                 0.0558172957384                -0.1062661606521                 0.0439312651963                -0.0814601241984                -0.0889902537550
                -0.4400000000000                 0.3450824166589                 0.0481619969533                 0.4186286346563                 0.5225250090123                -0.0256871514292                -0.0132352798692                 0.0600966825049                -0.1040378599105                 0.0357840290150                -0.0701442775062                -0.0761249973527
                -0.4200000000000                 0.3529329192189                 0.0344247612752                 0.4098173237061                 0.5177404641011                -0.0217871375341                -0.0062069335879                 0.0629025037098                -0.1024216035404                 0.0276879022210                -0.0590849863902                -0.0635212990188
                -0.4000000000000                 0.3651939722730                 0.0210611645768                 0.4028125482028                 0.5165758193011                -0.0168300636881                 0.0006160645015                 0.0617933275953                -0.1025973510315                 0.0199341937059                -0.0484318823137                -0.0514572689388
                -0.3800000000000                 0.3826215727919                 0.0109344540985                 0.3997298421355                 0.5204462866365                -0.0117871824478                 0.0056395545244                 0.0557471516223                -0.1050302403352                 0.0130476182775                -0.0384996549405                -0.0404408931058
                -0.3600000000000                 0.4042889027907                 0.0055336059548                 0.4012526910793                 0.5289580867323                -0.0077373511849                 0.0079127309441                 0.0458924568962                -0.1091550197887                 0.0076430628559                -0.0297880278271                -0.0311046737697
                -0.3400000000000                 0.4277079619019                 0.0042575337822                 0.4065010705161                 0.5403851625308                -0.0051508108407                 0.0076635454894                 0.0347742299630                -0.1137906254957                 0.0040261924182                -0.0227419104805                -0.0238564566280
                -0.3200000000000                 0.4505567257241                 0.0050736295708                 0.4136974305678                 0.5526909629857                -0.0037930135716                 0.0060885164605                 0.0249803113193                -0.1178095443660                 0.0019626805541                -0.0175505027034                -0.0187181313987
                -0.3000000000000                 0.4719136477266                 0.0060197492230                 0.4212692258219                 0.5644190169463                -0.0031853990032                 0.0044634428785                 0.0181303730413                -0.1205694454760                 0.0009431862724                -0.0142076001284                -0.0155041979921
                -0.2800000000000                 0.4920589738968                 0.0059880895426                 0.4283771390822                 0.5748622379594                -0.0029706738920                 0.0035575877359                 0.0148288391241                -0.1218812111075                 0.0005505930071                -0.0126443741494                -0.0140263116443
                -0.2600000000000                 0.5118209762976                 0.0045693397386                 0.4347440935029                 0.5837238205839                -0.0029918027381                 0.0036593796293                 0.0151872298039                -0.1217394599196                 0.0005904225149                -0.0128130290471                -0.0141850106104
                -0.2400000000000                 0.5321474642175                 0.0017762760370                 0.4404321983248                 0.5908544975845                -0.0032650564935                 0.0047407182086                 0.0191993093783                -0.1201420041843                 0.0010831968319                -0.0147191472321                -0.0159912385809
                -0.2200000000000                 0.5538019645665                -0.0018565492462                 0.4459671710751                 0.5963562950566                -0.0039849587373                 0.0064347298307                 0.0266979582560                -0.1171103464484                 0.0022677573509                -0.0184185421874                -0.0195648303577
                -0.2000000000000                 0.5768828938747                -0.0048033894852                 0.4527733478559                 0.6010763421176                -0.0055458771094                 0.0078611904783                 0.0369155352726                -0.1129027396631                 0.0045973363480                -0.0239762376625                -0.0251041164096
                -0.1800000000000                 0.6001744074475                -0.0043509865111                 0.4632802475873                 0.6070754768099                -0.0084171005029                 0.0076917062492                 0.0480081527606                -0.1082679153000                 0.0085612284969                -0.0313714023359                -0.0327732647080
                -0.1600000000000                 0.6211783051081                 0.0022505211546                 0.4798224004586                 0.6171658503153                -0.0127239896165                 0.0048583957933                 0.0572923987291                -0.1043908456165                 0.0142955764388                -0.0403629407574                -0.0424821266961
                -0.1400000000000                 0.6376044011500                 0.0157385278403                 0.5030341595130                 0.6334530592977                -0.0178430937262                -0.0006221510133                 0.0623971455798                -0.1023849557817                 0.0214018187849                -0.0504716522045                -0.0537534481802
                -0.1200000000000                 0.6489086104796                 0.0341649007409                 0.5314547210528                 0.6561074094689                -0.0226539618964                -0.0076180571665                 0.0625957839753                -0.1026281551845                 0.0292566617476                -0.0612219731570                -0.0659552421479
                -0.1000000000000                 0.6560524479561                 0.0541286521802                 0.5622733792708                 0.6832218864378                -0.0262833043045                -0.0144960666807                 0.0592926344047                -0.1044661073268                 0.0373787135793                -0.0723404327271                -0.0786260420794
                -0.0800000000000                 0.6603711841772                 0.0724328378853                 0.5925135540034                 0.7119152510144                -0.0284556820078                -0.0198318241490                 0.0550210755559                -0.1066690779933                 0.0455190917615                -0.0836939835869                -0.0915234117002
                -0.0600000000000                 0.6629348535158                 0.0870450277060                 0.6200775673656                 0.7398001437899                -0.0292789688882                -0.0228360501345                 0.0519072699176                -0.1081916405538                 0.0535934632245                -0.0951778249387                -0.1045205815250
                -0.0400000000000                 0.6644494095699                 0.0972205219649                 0.6440866905712                 0.7656501567249                -0.0289628912931                -0.0233636466379                 0.0509681417375                -0.1085335910914                 0.0615926247871                -0.1066932428359                -0.1175375902565
                -0.0200000000000                 0.6653451960157                 0.1031709544663                 0.6646012099489                 0.7892018116523                -0.0277240602980                -0.0216957324281                 0.0523108436811                -0.1076480330090                 0.0695214346792                -0.1181649488469                -0.1305208330394
                 0.0000000000000                 0.6658767982444                 0.1056811164435                 0.6821899626241                 0.8106953751414                -0.0258054396697                -0.0183341656218                 0.0555802016063                -0.1057179403289                 0.0773723171430                -0.1295420204147                -0.1434342683555
                 0.0200000000000                 0.6661935435564                 0.1058976827766                 0.6976543453407                 0.8305506247176                -0.0235244925130                -0.0139123298616                 0.0602523138548                -0.1030053557994                 0.0851163483460                -0.1407810196970                -0.1562487372139
                 0.0400000000000                 0.6663830490850                 0.1053333823182                 0.7119441629746                 0.8492229105086                -0.0213373239297                -0.0092210242407                 0.0657344591632                -0.0997945719090                 0.0926935718678                -0.1518203643571                -0.1689287777217
                 0.0600000000000                 0.6664969148849                 0.1060072067107                 0.7261597749422                 0.8671330131804                -0.0199208324804                -0.0053032312382                 0.0713652455098                -0.0963793827852                 0.0999896926252                -0.1625410182263                -0.1814134856949
                 0.0800000000000                 0.6665656646312                 0.1103614708790                 0.7413539026644                 0.8844702730649                -0.0201855117716                -0.0034566407389                 0.0764796841301                -0.0930069219229                 0.1067910102012                -0.1726943792629                -0.1935781430931
                 0.1000000000000                 0.6666074054258                 0.1200983447621                 0.7575864404864                 0.9005518325784                -0.0229548016356                -0.0047760042507                 0.0808037720677                -0.0896462602951                 0.1127231592025                -0.1817741126801                -0.2051442852333
                 0.1200000000000                 0.6666328742496                 0.1335377809435                 0.7721921886573                 0.9126831743405                -0.0281677881435                -0.0091386710680                 0.0852237528495                -0.0855892254336                 0.1171996786265                -0.1888569488950                -0.2154889548224
                 0.1400000000000                 0.6666484679570                 0.1433671526457                 0.7791271523867                 0.9154974192422                -0.0341249397814                -0.0146623985764                 0.0921901239764                -0.0793491529797                 0.1194472814107                -0.1925974880318                -0.2233650021489
                 0.1600000000000                 0.6666581503640                 0.1374542106403                 0.7729136205168                 0.9037218488463                -0.0371351948336                -0.0188778700689                 0.1042710220553                -0.0698213499718                 0.1191053692429                -0.1920262402936                -0.2270827524305
                 0.1800000000000                 0.6666646461271                 0.1115464158664                 0.7645734292865                 0.8879704452119                -0.0325700167202                -0.0226829980282                 0.1168126874268                -0.0608035680955                 0.1189408085373                -0.1902334129154                -0.2279450006337
                 0.2000000000000                 0.6666701979467                 0.0816793900654                 0.7774650419914                 0.8913984208351                -0.0202073900327                -0.0303403710560                 0.1190850158098                -0.0591040503724                 0.1224863223423                -0.1932002575858                -0.2304989838070
                 0.2200000000000                 0.6666767987034                 0.0466615046719                 0.7936865194177                 0.8946385460495                -0.0038802630059                -0.0382685929632                 0.1199915288752                -0.0589937890401                 0.1240747774929                -0.1964959611009                -0.2308629511026
                 0.2400000000000                 0.6666862276021                 0.0011413522710                 0.7950853058237                 0.8821397016471                 0.0135395494667                -0.0423467346629                 0.1272526745998                -0.0553962617935                 0.1206758175929                -0.1954314551887                -0.2261850242862
                 0.2600000000000                 0.6667007725517                -0.0513899136615                 0.7838633856410                 0.8604030714518                 0.0307423268972                -0.0422876752975                 0.1384911421301                -0.0496802493909                 0.1141999377783                -0.1901048785283                -0.2177072612353
                 0.2800000000000                 0.6667240764510                -0.1000124063356                 0.7687121913806                 0.8403735312994                 0.0452729611272                -0.0396500662214                 0.1488787182543                -0.0446212064250                 0.1063857299912                -0.1820081815781                -0.2070824649996
                 0.3000000000000                 0.6667621673279                -0.1352240949340                 0.7569691934851                 0.8286778806466                 0.0551991008992                -0.0364066958154                 0.1553675335640                -0.0419004063108                 0.0979979424519                -0.1723909408363                -0.1953431214663
                 0.3200000000000                 0.6668251044734                -0.1499001818839                 0.7513841391065                 0.8274004463067                 0.0589323493584                -0.0339030968233                 0.1560080635386                -0.0415334864132                 0.0893014845692                -0.1619832114783                -0.1830294196790
                 0.3400000000000                 0.6669298586137                -0.1474349235610                 0.7504946365638                 0.8335773979428                 0.0576984891647                -0.0323642408313                 0.1518593081247                -0.0425544430982                 0.0804004021499                -0.1511574315678                -0.1703923139477
                 0.3600000000000                 0.6671053861387                -0.1351536733283                 0.7510327662481                 0.8429616855508                 0.0535856987854                -0.0312783691971                 0.1449059088111                -0.0438365076394                 0.0713428387645                -0.1400783606439                -0.1575356866185
                 0.3800000000000                 0.6674018002032                -0.1167845297291                 0.7499217233833                 0.8529744892242                 0.0474325796765                -0.0300145549169                 0.1358787001087                -0.0444737793911                 0.0621586805145                -0.1288076633208                -0.1444905813330
                 0.4000000000000                 0.6679075169709                -0.0958001153403                 0.7450808804150                 0.8616348997393                 0.0401289006158                -0.0281227993815                 0.1255222148835                -0.0438855536139                 0.0528801527966                -0.1173631477988                -0.1312459949444
                 0.4200000000000                 0.6687825701451                -0.0739540042845                 0.7356329910609                 0.8680991130633                 0.0321785318221                -0.0254055371397                 0.1141178544031                -0.0418534633359                 0.0435533868027                -0.1057360743964                -0.1177604498387
                 0.4400000000000                 0.6703269078552                -0.0517659490854                 0.7219074491278                 0.8725564402369                 0.0238666348172                -0.0219140139680                 0.1015896602638                -0.0385383796959                 0.0342574734846                -0.0938903906594                -0.1039585139988
                 0.4600000000000                 0.6731295829961                -0.0293887235718                 0.7051131134110                 0.8758580426638                 0.0155157550615                -0.0178847276923                 0.0876656175563                -0.0344074552634                 0.0251319226513                -0.0817419712905                -0.0897120209020
                 0.4800000000000                 0.6784175013846                -0.0070232733152                 0.6867598065386                 0.8791790789029                 0.0075615607798                -0.0136493171315                 0.0718137447688                -0.0301017608042                 0.0164140139241                -0.0690973109890                -0.0747879934972
                 0.5000000000000                 0.6889016468768                 0.0144004920141                 0.6680820378248                 0.8835875934396                 0.0006825084224                -0.0095969394962                 0.0532062870442                -0.0263651628119                 0.0085068286224                -0.0554684232455                -0.0587014411134
                 0.5200000000000                 0.7103366047093                 0.0311940681614                 0.6491998900608                 0.8889686283230                -0.0039138182310                -0.0062084076769                 0.0311934495300                -0.0240488728218                 0.0022402118200                -0.0396067778983                -0.0404493533708
                 0.5400000000000                 0.7446425678014                 0.0319472984353                 0.6291597239061                 0.8905161342517                -0.0043427813175                -0.0038807654186                 0.0111116651533                -0.0230450754664                -0.0004941125011                -0.0217720076337                -0.0214142093164
                 0.5600000000000                 0.7718065352480                 0.0206786333501                 0.6144584196074                 0.8875819748534                -0.0026185198719                -0.0023079896644                 0.0032142682342                -0.0208663116824                -0.0004759544808                -0.0106874042080                -0.0104065048252
                 0.5800000000000                 0.7918421256773                 0.0119682357557                 0.6065633611628                 0.8860538640057                -0.0013996716498                -0.0012823057388                 0.0009992525193                -0.0179894907795                -0.0002345744045                -0.0055028170552                -0.0053739899720
                 0.6000000000000                 0.8103700651696                 0.0065858637498                 0.6024744977992                 0.8862618743073                -0.0007041941934                -0.0006651880953                 0.0003107300152                -0.0151314009738                -0.0000989646294                -0.0028696463613                -0.0028184941710
                 0.6200000000000                 0.8294258442409                 0.0034336755749                 0.6004916339843                 0.8875681196175                -0.0003298604517                -0.0003184154956                 0.0000905240790                -0.0124696284061                -0.0000365893953                -0.0014665210510                -0.0014485716708
                 0.6400000000000                 0.8497102166403                 0.0016781341017                 0.5996779618809                 0.8894458106557                -0.0001413056197                -0.0001384407338                 0.0000235632213                -0.0100502521363                -0.0000116043749                -0.0007176490289                -0.0007121829560
                 0.6600000000000                 0.8712441795932                 0.0007602417093                 0.5994733564721                 0.8915115030837                -0.0000543483237                -0.0000537545958                 0.0000052744040                -0.0078928469581                -0.0000030678613                -0.0003300039469                -0.0003285957460
                 0.6800000000000                 0.8935018073688                 0.0003160533178                 0.5995386130420                 0.8934985441727                -0.0000184471754                -0.0000183518913                 0.0000009855221                -0.0060148848596                -0.0000006583061                -0.0001403270121                -0.0001400278515
                 0.7000000000000                 0.9154795205061                 0.0001197260369                 0.5996818248103                 0.8952394664842                -0.0000054618998                -0.0000054481180                 0.0000001504462                -0.0044329727423                -0.0000001125857                -0.0000545094742                -0.0000544581175
                 0.7200000000000                 0.9358934807156                 0.0000412302780                 0.5998120003264                 0.8966530286006                -0.0000014029648                -0.0000014016488                 0.0000000186136                -0.0031550307273                -0.0000000152809                -0.0000192251762                -0.0000192181135
                 0.7400000000000                 0.9535482596536                 0.0000129637249                 0.5999010943174                 0.8977280025802                -0.0000003142597                -0.0000003146040                 0.0000000018477                -0.0021711097445                -0.0000000016669                -0.0000061689273                -0.0000061681438
                 0.7600000000000                 0.9677252595519                 0.0000037390581                 0.5999523631943                 0.8985010983045                -0.0000000518507                -0.0000000618730                 0.0000000009706                -0.0014501183371                -0.0000000001429                -0.0000018189811                -0.0000018189023
                 0.7800000000000                 0.9783510904082                 0.0000014340366                 0.5999777463389                 0.8990317190558                -0.0000002125825                -0.0000000091946                -0.0000000122298                -0.0009449814190                -0.0000000000869                -0.0000005001510                -0.0000005003643
                 0.8000000000000                 0.9858674995889                 0.0000002591193                 0.5999906465875                 0.8993851085515                 0.0000000003546                -0.0000000013288                 0.0000000003499                -0.0006050998671                 0.0000000000003                -0.0000001306631                -0.0000001306609
                 0.8200000000000                 0.9909529424630                -0.0000008758664                 0.5999941823221                 0.8996125727640                 0.0000000422921                 0.0000004611439                -0.0000000639850                -0.0003818728216                -0.0000000003564                -0.0000000323430                -0.0000000334620
                 0.8400000000000                 0.9942854538490                -0.0000072367235                 0.5999901788016                 0.8997535962162                 0.0000001927034                 0.0000024777966                 0.0000019110086                -0.0002378750352                -0.0000000003870                -0.0000000081801                -0.0000000072877
                 0.8600000000000                 0.9964221770221                 0.0000059176165                 0.5999953731890                 0.8998447657574                -0.0000011442341                -0.0000012510088                -0.0000011331090                -0.0001459147583                 0.0000000015709                -0.0000000083274                 0.0000000014190
                 0.8800000000000                 0.9977726694578                -0.0000019292563                 0.5999952394785                 0.8999037398363                -0.0000001903071                 0.0000008459669                 0.0000006153000                -0.0000911501606                 0.0000000012921                 0.0000000016036                 0.0000000000327
                 0.9000000000000                 0.9986183937673                 0.0002179230021                 0.5998970244057                 0.8998561151941                -0.0001596007287                 0.0000294271412                 0.0000423990444                -0.0000353181396                -0.0000000513631                 0.0000000343052                 0.0000000639869
                 0.9200000000000                 0.9991449304718                 0.0008009844420                 0.5993339647823                 0.8991457861296                -0.0003046882210                -0.0000858213851                -0.0000164856154                 0.0003829719367                -0.0000009750155                 0.0000004333479                -0.0000007661646
                 0.9400000000000                 0.9994715471160                 0.0021460290502                 0.5974602415654                 0.8973936410497                -0.0006528846320                -0.0002213436729                -0.0003932999579                 0.0014692941775                 0.0000001413310                 0.0000000516876                -0.0000022789235
                 0.9600000000000                 0.9996736894965                 0.0044844021385                 0.5932633166736                 0.8942904687739                -0.0016518817921                -0.0000332951079                -0.0011103564991                 0.0033894327007                -0.0000021084527                -0.0000012964766                 0.0000002615433
                 0.9800000000000                 0.9997986180590                 0.0077929667608                 0.5856983982118                 0.8897175219705                -0.0032325220836                 0.0006754805737                -0.0026599019754                 0.0064615393118                -0.0000066506796                 0.0000054538004                -0.0000028423657
                 1.0000000000000                 0.9998757591173                 0.0119066285886                 0.5740237875354                 0.8836316100243                -0.0054160437718                 0.0021420652991                -0.0053150777911                 0.0108400136081                -0.0000158142818                 0.0000008910932                -0.0000059855841
