                -1.5000000000000                 0.0003585905632                 0.0000000000000                 0.0000296758251                 0.0000445110764                -0.0000000000000                -0.0000000000000                -0.0000000000000                -0.0000148247396                 0.0000000000000                -0.0000000000019                -0.0000000000019
                -1.4800000000000                 0.0005806485240                 0.0000000000000                 0.0000480846763                 0.0000721200303                -0.0000000000000                -0.0000000000000                -0.0000000000000                -0.0000240183179                -0.0000000000000                -0.0000000000081                -0.0000000000081
                -1.4600000000000                 0.0009393133294                 0.0000000000001                 0.0000778702690                 0.0001167871002                -0.0000000000000                -0.0000000000000                -0.0000000000000                -0.0000388892323                -0.0000000000000                -0.0000000000344                -0.0000000000344
                -1.4400000000000                 0.0015171753076                 0.0000000000004                 0.0001259944994                 0.0001889438874                -0.0000000000002                -0.0000000000002                -0.0000000000000                -0.0000629047071                -0.0000000000000                -0.0000000001458                -0.0000000001458
                -1.4200000000000                 0.0024444666394                 0.0000000000030                 0.0002035697405                 0.0003052298998                -0.0000000000015                -0.0000000000015                -0.0000000000000                -0.0001015879015                -0.0000000000000                -0.0000000006144                -0.0000000006144
                -1.4000000000000                 0.0039230017475                 0.0000000000203                 0.0003281618982                 0.0004919197253                -0.0000000000102                -0.0000000000102                 0.0000000000000                -0.0001636411770                -0.0000000000000                -0.0000000025700                -0.0000000025700
                -1.3800000000000                 0.0062568468569                 0.0000000001347                 0.0005271126528                 0.0007898392051                -0.0000000000673                -0.0000000000673                 0.0000000000000                -0.0002625387816                -0.0000000000000                -0.0000000106259                -0.0000000106259
                -1.3600000000000                 0.0098837344692                 0.0000000008701                 0.0008419573014                 0.0012608343156                -0.0000000004347                -0.0000000004347                 0.0000000000001                -0.0004185762690                -0.0000000000001                -0.0000000431480                -0.0000000431480
                -1.3400000000000                 0.0153887927037                 0.0000000054134                 0.0013334602744                 0.0019949772966                -0.0000000027040                -0.0000000027040                 0.0000000000014                -0.0006610398783                -0.0000000000014                -0.0000001704786                -0.0000001704779
                -1.3200000000000                 0.0234633275856                 0.0000000318622                 0.0020855928466                 0.0031158445933                -0.0000000159087                -0.0000000159082                 0.0000000000207                -0.0010295102673                -0.0000000000194                -0.0000006471363                -0.0000006471269
                -1.3000000000000                 0.0347613646970                 0.0000001735983                 0.0032050963689                 0.0047786946018                -0.0000000865946                -0.0000000865853                 0.0000000002693                -0.0015725049396                -0.0000000002441                -0.0000023235043                -0.0000023233880
                -1.2800000000000                 0.0496442861357                 0.0000008552717                 0.0048125695283                 0.0071555412881                -0.0000004257317                -0.0000004255836                 0.0000000030318                -0.0023415908283                -0.0000000026132                -0.0000077592106                -0.0000077579862
                -1.2600000000000                 0.0679144585082                 0.0000037327308                 0.0070240943246                 0.0104061576181                -0.0000018500236                -0.0000018481437                 0.0000000285970                -0.0033812039719                -0.0000000229883                -0.0000237515262                -0.0000237409334
                -1.2400000000000                 0.0887371326139                 0.0000142507335                 0.0099299592081                 0.0146453983509                -0.0000070054468                -0.0000069869668                 0.0000002210126                -0.0047184698896                -0.0000001619584                -0.0000660761585                -0.0000660023991
                -1.2200000000000                 0.1108661091685                 0.0000475057380                 0.0135830297803                 0.0199250568564                -0.0000230279337                -0.0000228885298                 0.0000013892436                -0.0063593153470                -0.0000009051446                -0.0001670027038                -0.0001665910542
                -1.2000000000000                 0.1330478201460                 0.0001394272404                 0.0180060442696                 0.0262416222493                -0.0000661229250                -0.0000653068041                 0.0000071643146                -0.0082933382577                -0.0000040422944                -0.0003863431857                -0.0003844806245
                -1.1800000000000                 0.1543622850014                 0.0003658637902                 0.0232176396644                 0.0335658494947                -0.0001681107963                -0.0001643006574                 0.0000309900612                -0.0105033108638                -0.0000147223554                -0.0008288875684                -0.0008219050857
                -1.1600000000000                 0.1743866137835                 0.0008753532685                 0.0292734459295                 0.0418835393466                -0.0003850685239                -0.0003703583832                 0.0001160865174                -0.0129718915623                -0.0000449500061                -0.0016768885004                -0.0016546290188
                -1.1400000000000                 0.1932573487370                 0.0019539997677                 0.0363301744602                 0.0512472351351                -0.0008095619988                -0.0007607425728                 0.0003918096078                -0.0156774256962                -0.0001183393984                -0.0032617350214                -0.0031998754766
                -1.1200000000000                 0.2118535600819                 0.0041885315269                 0.0447827214106                 0.0618710958667                -0.0015896022741                -0.0014459303910                 0.0012525571700                -0.0185611493730                -0.0002734354753                -0.0062512413581                -0.0060991368016
                -1.1000000000000                 0.2326719235832                 0.0089966338765                 0.0556918900907                 0.0744215572452                -0.0029344974607                -0.0025692689931                 0.0040696966370                -0.0213875061312                -0.0005281735351                -0.0122334341224                -0.0119160724394
                -1.0800000000000                 0.2621171652320                 0.0201188535502                 0.0720973130691                 0.0910378960212                -0.0045878110311                -0.0042616217108                 0.0141272163074                -0.0232773507647                -0.0002978936506                -0.0249916617884                -0.0247153212461
                -1.0600000000000                 0.2950868167408                 0.0377122391426                 0.0952617179290                 0.1135099397099                -0.0032859413133                -0.0067929885607                 0.0357153895194                -0.0243537369094                 0.0032626711400                -0.0429740335757                -0.0442429094332
                -1.0400000000000                 0.3137747976119                 0.0534520515139                 0.1195131740148                 0.1382608619694                 0.0018979549862                -0.0103539459226                 0.0571082938251                -0.0270118351925                 0.0099608635441                -0.0582545546315                -0.0619777050136
                -1.0200000000000                 0.3229084159549                 0.0665177008434                 0.1436464363447                 0.1638297964773                 0.0090589623364                -0.0144763569689                 0.0751009101834                -0.0309238704281                 0.0180710362106                -0.0716253673540                -0.0777771870770
                -1.0000000000000                 0.3275619823528                 0.0776848046218                 0.1676312427957                 0.1898165012711                 0.0171347669713                -0.0187001117788                 0.0905203902527                -0.0352506739046                 0.0268936569863                -0.0841482887251                -0.0925418641340
                -0.9800000000000                 0.3300496497901                 0.0875090228560                 0.1914096074663                 0.2159656992274                 0.0255088238831                -0.0226483998752                 0.1041401297825                -0.0392687841264                 0.0360674853510                -0.0962271466648                -0.1066875817232
                -0.9600000000000                 0.3314289878397                 0.0963772241994                 0.2149370442668                 0.2421216212186                 0.0337765417894                -0.0260026534978                 0.1164373204384                -0.0423619075848                 0.0453780660395                -0.1080254814681                -0.1204196440701
                -0.9400000000000                 0.3322140097251                 0.1045498280277                 0.2381857185679                 0.2681959071481                 0.0416256418641                -0.0285552560981                 0.1276392263486                -0.0441126471361                 0.0547002505603                -0.1196150244517                -0.1338533471219
                -0.9200000000000                 0.3326691202507                 0.1121915527930                 0.2611327642540                 0.2941357967007                 0.0487173622334                -0.0303001936492                 0.1377340920341                -0.0444322623568                 0.0639632151870                -0.1310254791870                -0.1470566307393
                -0.9000000000000                 0.3329364754417                 0.1193953628168                 0.2837475961626                 0.3198987491031                 0.0545389154186                -0.0314863953717                 0.1464128418493                -0.0436125537389                 0.0731249147137                -0.1422610531050                -0.1600650772746
                -0.8800000000000                 0.3330950603885                 0.1261838355914                 0.3059665544246                 0.3454264158227                 0.0582258897819                -0.0326088924612                 0.1529479495019                -0.0423006791998                 0.0821545397378                -0.1532976902267                -0.1728828162158
                -0.8600000000000                 0.3331898331208                 0.1324687736481                 0.3276342992984                 0.3706039106587                 0.0584390683700                -0.0343067494638                 0.1561050868140                -0.0414576477926                 0.0910193597014                -0.1640580026672                -0.1854685041505
                -0.8400000000000                 0.3332468464663                 0.1379421030377                 0.3483772985670                 0.3951794668227                 0.0536125392292                -0.0370074012727                 0.1544231354716                -0.0422271758350                 0.0996665721093                -0.1743495663171                -0.1976960505420
                -0.8200000000000                 0.3332814096537                 0.1418732942609                 0.3673632880676                 0.4186047531938                 0.0429562968021                -0.0402766943159                 0.1472892920705                -0.0454585707513                 0.1079755060663                -0.1837454762404                -0.2092704952726
                -0.8000000000000                 0.3333026201272                 0.1428807057647                 0.3829566472740                 0.4397577654116                 0.0275854493707                -0.0425652186325                 0.1362956808857                -0.0508289055944                 0.1156117238182                -0.1914137852200                -0.2195761173848
                -0.7800000000000                 0.3333159330477                 0.1390023778764                 0.3925089448127                 0.4565911618200                 0.0100946165468                -0.0419047293569                 0.1253721042114                -0.0563547946670                 0.1216562857756                -0.1960159388168                -0.2274584411762
                -0.7600000000000                 0.3333246571085                 0.1287139557365                 0.3932110843422                 0.4663359547401                -0.0072778243143                -0.0369580866897                 0.1193023317498                -0.0592518556217                 0.1241696925860                -0.1961365401400                -0.2311945775404
                -0.7400000000000                 0.3333309133205                 0.1130773412229                 0.3862597271312                 0.4690078287330                -0.0230769070286                -0.0286196549664                 0.1192246683111                -0.0590078751947                 0.1217060173393                -0.1923453442780                -0.2299733142766
                -0.7200000000000                 0.3333364827977                 0.0973362067856                 0.3832678634279                 0.4746793781400                -0.0341351703443                -0.0216977754819                 0.1150479228236                -0.0620694222192                 0.1186740969706                -0.1902894196325                -0.2276911862854
                -0.7000000000000                 0.3333434190720                 0.0833292083057                 0.3899911759130                 0.4885657757588                -0.0370057708062                -0.0182099127552                 0.1015387256875                -0.0718865940033                 0.1193201929334                -0.1924359200307                -0.2267096639456
                -0.6800000000000                 0.3333540153779                 0.0663539501993                 0.3945563936509                 0.4993758193263                -0.0330464302558                -0.0136194547562                 0.0904763613847                -0.0808204185135                 0.1192187014189                -0.1921959077975                -0.2221033906314
                -0.6600000000000                 0.3333711727686                 0.0493858079114                 0.3948915700808                 0.5051241958293                -0.0270103245655                -0.0081134403478                 0.0842548051026                -0.0864999813267                 0.1164739336189                -0.1876885092879                -0.2136104317800
                -0.6400000000000                 0.3333992170585                 0.0377094022152                 0.3949804594128                 0.5089547997044                -0.0221991971125                -0.0042492786728                 0.0800009491895                -0.0903236088311                 0.1116559292916                -0.1801196834914                -0.2029519382410
                -0.6200000000000                 0.3334452161467                 0.0338810387333                 0.3977699786999                 0.5131028108535                -0.0199560134301                -0.0035929135406                 0.0755442206962                -0.0936575321473                 0.1055148047076                -0.1707723779351                -0.1912342316842
                -0.6000000000000                 0.3335210634413                 0.0369388338186                 0.4036246117041                 0.5181229317076                -0.0200964210618                -0.0059491624968                 0.0702855255513                -0.0970498677326                 0.0985931992484                -0.1604786394932                -0.1789918351087
                -0.5800000000000                 0.3336468116857                 0.0441066668956                 0.4112961378365                 0.5235472468429                -0.0217293819632                -0.0101146305674                 0.0646289228896                -0.1004477711412                 0.0912292300737                -0.1496815825031                -0.1664619362624
                -0.5600000000000                 0.3338562746452                 0.0526650422507                 0.4192584992092                 0.5286417372158                -0.0239800747939                -0.0148259610253                 0.0592554570473                -0.1035841224269                 0.0836125896188                -0.1385963740462                -0.1537519736463
                -0.5400000000000                 0.3342066610327                 0.0605535596472                 0.4262327883496                 0.5327147468707                -0.0262205932626                -0.0190965869510                 0.0548129309693                -0.1061656115137                 0.0758441325442                -0.1273265299483                -0.1409157717077
                -0.5200000000000                 0.3347951942295                 0.0662315089014                 0.4311810380257                 0.5351429870803                -0.0280281394369                -0.0221729093762                 0.0518820215746                -0.1079108483142                 0.0679764939059                -0.1159276152088                -0.1279863448972
                -0.5000000000000                 0.3357876468754                 0.0684729683069                 0.4332325620205                 0.5353753786599                -0.0291041863194                -0.0234460792412                 0.0509665702490                -0.1085663512694                 0.0600338933191                -0.1044427597086                -0.1149932482112
                -0.4800000000000                 0.3374664403856                 0.0663402212697                 0.4317486372433                 0.5330618109108                -0.0292143447241                -0.0224463918616                 0.0523613403375                -0.1079788699663                 0.0520205202531                -0.0929266927357                -0.1019751997313
                -0.4600000000000                 0.3403072576092                 0.0594015949346                 0.4266047916582                 0.5283873718614                -0.0281430170969                -0.0189570996359                 0.0558172957661                -0.1062661606380                 0.0439312651969                -0.0814601241970                -0.0889902537543
                -0.4400000000000                 0.3450824166588                 0.0481619969220                 0.4186286346306                 0.5225250089924                -0.0256871514231                -0.0132352798535                 0.0600966825249                -0.1040378599004                 0.0357840290154                -0.0701442775055                -0.0761249973523
                -0.4200000000000                 0.3529329192188                 0.0344247612632                 0.4098173236948                 0.5177404640907                -0.0217871375332                -0.0062069335818                 0.0629025037204                -0.1024216035350                 0.0276879022212                -0.0590849863900                -0.0635212990188
                -0.4000000000000                 0.3651939722729                 0.0210611645665                 0.4028125481942                 0.5165758192943                -0.0168300636863                 0.0006160645066                 0.0617933276021                -0.1025973510281                 0.0199341937059                -0.0484318823134                -0.0514572689387
                -0.3800000000000                 0.3826215727918                 0.0109344540915                 0.3997298421294                 0.5204462866315                -0.0117871824468                 0.0056395545279                 0.0557471516273                -0.1050302403326                 0.0130476182775                -0.0384996549404                -0.0404408931057
                -0.3600000000000                 0.4042889027907                 0.0055336059525                 0.4012526910776                 0.5289580867312                -0.0077373511842                 0.0079127309452                 0.0458924568973                -0.1091550197882                 0.0076430628559                -0.0297880278271                -0.0311046737697
                -0.3400000000000                 0.4277079619019                 0.0042575337799                 0.4065010705142                 0.5403851625293                -0.0051508108402                 0.0076635454905                 0.0347742299645                -0.1137906254949                 0.0040261924182                -0.0227419104805                -0.0238564566280
                -0.3200000000000                 0.4505567257241                 0.0050736295704                 0.4136974305676                 0.5526909629856                -0.0037930135714                 0.0060885164607                 0.0249803113194                -0.1178095443659                 0.0019626805541                -0.0175505027035                -0.0187181313987
                -0.3000000000000                 0.4719136477264                 0.0060197492074                 0.4212692258107                 0.5644190169397                -0.0031853989987                 0.0044634428862                 0.0181303730477                -0.1205694454728                 0.0009431862724                -0.0142076001280                -0.0155041979919
                -0.2800000000000                 0.4920589738969                 0.0059880895416                 0.4283771390808                 0.5748622379578                -0.0029706738924                 0.0035575877364                 0.0148288391257                -0.1218812111066                 0.0005505930071                -0.0126443741493                -0.0140263116442
                -0.2600000000000                 0.5118209762977                 0.0045693397380                 0.4347440935018                 0.5837238205825                -0.0029918027384                 0.0036593796297                 0.0151872298052                -0.1217394599190                 0.0005904225149                -0.0128130290470                -0.0141850106103
                -0.2400000000000                 0.5321474642176                 0.0017762760361                 0.4404321983240                 0.5908544975839                -0.0032650564933                 0.0047407182090                 0.0191993093789                -0.1201420041840                 0.0010831968319                -0.0147191472321                -0.0159912385809
                -0.2200000000000                 0.5538019645665                -0.0018565492476                 0.4459671710737                 0.5963562950553                -0.0039849587372                 0.0064347298314                 0.0266979582572                -0.1171103464478                 0.0022677573509                -0.0184185421874                -0.0195648303577
                -0.2000000000000                 0.5768828938747                -0.0048033894827                 0.4527733478575                 0.6010763421184                -0.0055458771102                 0.0078611904771                 0.0369155352719                -0.1129027396635                 0.0045973363480                -0.0239762376626                -0.0251041164096
                -0.1800000000000                 0.6001744074475                -0.0043509865119                 0.4632802475862                 0.6070754768086                -0.0084171005031                 0.0076917062496                 0.0480081527618                -0.1082679152994                 0.0085612284969                -0.0313714023359                -0.0327732647080
                -0.1600000000000                 0.6211783051082                 0.0022505211578                 0.4798224004604                 0.6171658503164                -0.0127239896175                 0.0048583957920                 0.0572923987281                -0.1043908456169                 0.0142955764388                -0.0403629407575                -0.0424821266963
                -0.1400000000000                 0.6376044011500                 0.0157385278407                 0.5030341595126                 0.6334530592967                -0.0178430937269                -0.0006221510136                 0.0623971455805                -0.1023849557813                 0.0214018187849                -0.0504716522043                -0.0537534481801
                -0.1200000000000                 0.6489086104796                 0.0341649007453                 0.5314547210548                 0.6561074094690                -0.0226539618984                -0.0076180571687                 0.0625957839749                -0.1026281551847                 0.0292566617475                -0.0612219731569                -0.0659552421479
                -0.1000000000000                 0.6560524479571                 0.0541286521987                 0.5622733792687                 0.6832218864410                -0.0262833043114                -0.0144960666837                 0.0592926344014                -0.1044661073257                 0.0373787135781                -0.0723404327251                -0.0786260420817
                -0.0800000000000                 0.6603711841776                 0.0724328379045                 0.5925135540040                 0.7119152510175                -0.0284556820149                -0.0198318241534                 0.0550210755524                -0.1066690779928                 0.0455190917605                -0.0836939835853                -0.0915234117021
                -0.0600000000000                 0.6629348535166                 0.0870450277514                 0.6200775673560                 0.7398001437896                -0.0292789689075                -0.0228360501449                 0.0519072699105                -0.1081916405499                 0.0535934632204                -0.0951778249307                -0.1045205815273
                -0.0400000000000                 0.6644494095720                 0.0972205220776                 0.6440866904868                 0.7656501567335                -0.0289628913373                -0.0233636466376                 0.0509681417095                -0.1085335910717                 0.0615926247769                -0.1066932428032                -0.1175375902720
                -0.0200000000000                 0.6653451960171                 0.1031709546227                 0.6646012098784                 0.7892018116838                -0.0277240603499                -0.0216957324283                 0.0523108436440                -0.1076480329904                 0.0695214346676                -0.1181649488209                -0.1305208330649
                 0.0000000000000                 0.6658767982455                 0.1056811166130                 0.6821899624814                 0.8106953751575                -0.0258054397298                -0.0183341656029                 0.0555802015665                -0.1057179402940                 0.0773723171245                -0.1295420203703                -0.1434342683839
                 0.0200000000000                 0.6661935435574                 0.1058976832561                 0.6976543452793                 0.8305506247695                -0.0235244926816                -0.0139123299366                 0.0602523137641                -0.1030053557692                 0.0851163483007                -0.1407810196441                -0.1562487372512
                 0.0400000000000                 0.6663830491079                 0.1053333909379                 0.7119441543496                 0.8492229122179                -0.0213373264792                -0.0092210216732                 0.0657344570858                -0.0997945697991                 0.0926935709079                -0.1518203623996                -0.1689287797726
                 0.0600000000000                 0.6664969148850                 0.1060072073649                 0.7261597752262                 0.8671330131561                -0.0199208327303                -0.0053032315014                 0.0713652454673                -0.0963793828001                 0.0999896925396                -0.1625410182291                -0.1814134856716
                 0.0800000000000                 0.6665656646490                 0.1103614642753                 0.7413538606353                 0.8844702533535                -0.0201855145512                -0.0034566330382                 0.0764796867282                -0.0930069124958                 0.1067910065957                -0.1726943667619                -0.1935781403545
                 0.1000000000000                 0.6666074054639                 0.1200984474979                 0.7575863893523                 0.9005518852237                -0.0229548252823                -0.0047759821083                 0.0808037361510                -0.0896462504479                 0.1127231577199                -0.1817741032224                -0.2051443123114
                 0.1200000000000                 0.6666328745824                 0.1335397363025                 0.7721914806686                 0.9126840681307                -0.0281682810589                -0.0091384040731                 0.0852231118553                -0.0855890908104                 0.1171996410013                -0.1888567984600                -0.2154893826599
                 0.1400000000000                 0.6666484679413                 0.1433670712720                 0.7791274250683                 0.9154977082628                -0.0341248576011                -0.0146624232539                 0.0921900189192                -0.0793492544675                 0.1194473784288                -0.1925975604070                -0.2233650574608
                 0.1600000000000                 0.6666581490074                 0.1373739144062                 0.7728949974687                 0.9036725523780                -0.0371163851109                -0.0188747912836                 0.1042990487299                -0.0698155250695                 0.1191019150675                -0.1920212664956                -0.2270678107724
                 0.1800000000000                 0.6666646455153                 0.1114778941016                 0.7645753729874                 0.8879506523356                -0.0325487296720                -0.0226827411892                 0.1168282245674                -0.0608049311010                 0.1189436325083                -0.1902336030299                -0.2279384319843
                 0.2000000000000                 0.6666701980860                 0.0817247129904                 0.7774597798537                 0.8914082421078                -0.0202230439157                -0.0303395263251                 0.1190750043976                -0.0591021878462                 0.1224840617621                -0.1931991733018                -0.2305012309408
                 0.2200000000000                 0.6666767986762                 0.0468779825628                 0.7936844724920                 0.8946982056105                -0.0039531825655                -0.0382702427188                 0.1199353796928                -0.0589909281599                 0.1240686026547                -0.1964961104621                -0.2308698488539
                 0.2400000000000                 0.6666862276820                 0.0010893471347                 0.7950894454118                 0.8821252674841                 0.0135575521070                -0.0423476128342                 0.1272682711090                -0.0553974635723                 0.1206766185717                -0.1954322754924                -0.2261845649440
                 0.2600000000000                 0.6667007730875                -0.0516969266151                 0.7838735908825                 0.8603074997009                 0.0308465806571                -0.0422900496782                 0.1385887778353                -0.0496830087460                 0.1142020737013                -0.1901067859675                -0.2177057622666
                 0.2800000000000                 0.6667240775734                -0.1006142399869                 0.7687262211566                 0.8401802882353                 0.0454760592787                -0.0396536427329                 0.1490754183837                -0.0446246588612                 0.1063879338808                -0.1820106916294                -0.2070813361408
                 0.3000000000000                 0.6667621660705                -0.1346719131797                 0.7569607301849                 0.8288585140335                 0.0550125256674                -0.0364037843022                 0.1551860940136                -0.0418990827382                 0.0979966809644                -0.1723894074512                -0.1953435782903
                 0.3200000000000                 0.6668251030607                -0.1493479402771                 0.7513774153131                 0.8275811213985                 0.0587471134728                -0.0339014257898                 0.1558252529408                -0.0415317976957                 0.0893006947745                -0.1619821617479                -0.1830297509022
                 0.3400000000000                 0.6669298589268                -0.1475275874454                 0.7504951407442                 0.8335464900263                 0.0577295093262                -0.0323644700366                 0.1518901019903                -0.0425544658564                 0.0804004980436                -0.1511575574499                -0.1703922636977
                 0.3600000000000                 0.6671053854130                -0.1350006816148                 0.7510322601581                 0.8430135627328                 0.0535348406803                -0.0312780487591                 0.1448543854753                -0.0438365761918                 0.0713427154592                -0.1400781844700                -0.1575357559779
                 0.3800000000000                 0.6674017996876                -0.1167184333337                 0.7499214731314                 0.8529967190391                 0.0474105132353                -0.0300144090994                 0.1358565948939                -0.0444738005807                 0.0621586325238                -0.1288075950456                -0.1444906061182
                 0.4000000000000                 0.6679075173174                -0.0958280181760                 0.7450807863811                 0.8616252021779                 0.0401381780410                -0.0281228693924                 0.1255316469026                -0.0438854364847                 0.0528801704156                -0.1173631723654                -0.1312459844921
                 0.4200000000000                 0.6687825704867                -0.0739680835365                 0.7356330524685                 0.8680944976229                 0.0321832599737                -0.0254055534715                 0.1141224837107                -0.0418534776970                 0.0435533961977                -0.1057360859120                -0.1177604454584
                 0.4400000000000                 0.6703269081437                -0.0517725097635                 0.7219074918917                 0.8725542856107                 0.0238688480926                -0.0219140310112                 0.1015918169446                -0.0385383840639                 0.0342574774701                -0.0938903955883                -0.1039585118783
                 0.4600000000000                 0.6731295832107                -0.0293909471271                 0.7051131036526                 0.8758573200357                 0.0155165164633                -0.0178847311249                 0.0876663214328                -0.0344074470210                 0.0251319241234                -0.0817419726601                -0.0897120201457
                 0.4800000000000                 0.6784175015454                -0.0070243195244                 0.6867597960891                 0.8791787178456                 0.0075619090771                -0.0136493175371                 0.0718140935541                -0.0301017552252                 0.0164140144848                -0.0690973115021                -0.0747879930184
                 0.5000000000000                 0.6889016468779                 0.0144004891731                 0.6680820377435                 0.8835875923725                 0.0006825093691                -0.0095969395062                 0.0532062880075                -0.0263651627615                 0.0085068286238                -0.0554684232466                -0.0587014411120
                 0.5200000000000                 0.7103366047241                 0.0311940469357                 0.6491998859422                 0.8889686177104                -0.0039138113100                -0.0062084074590                 0.0311934564423                -0.0240488709883                 0.0022402118304                -0.0396067778905                -0.0404493533497
                 0.5400000000000                 0.7446425678050                 0.0319472964829                 0.6291597224656                 0.8905161323621                -0.0043427807004                -0.0038807653526                 0.0111116657342                -0.0230450748159                -0.0004941125013                -0.0217720076263                -0.0214142093097
                 0.5600000000000                 0.7718065352476                 0.0206786322542                 0.6144584189984                 0.8875819742052                -0.0026185195477                -0.0023079895622                 0.0032142684778                -0.0208663114801                -0.0004759544808                -0.0106874042082                -0.0104065048254
                 0.5800000000000                 0.7918421256773                 0.0119682355372                 0.6065633610607                 0.8860538638782                -0.0013996715713                -0.0012823057298                 0.0009992525625                -0.0179894907375                -0.0002345744044                -0.0055028170551                -0.0053739899718
                 0.6000000000000                 0.8103700651696                 0.0065858637734                 0.6024744978146                 0.8862618743216                -0.0007041941984                -0.0006651880990                 0.0003107300089                -0.0151314009778                -0.0000989646294                -0.0028696463613                -0.0028184941710
                 0.6200000000000                 0.8294258442418                 0.0034336731754                 0.6004916350022                 0.8875681206076                -0.0003298592966                -0.0003184154800                 0.0000905241333                -0.0124696289289                -0.0000365893932                -0.0014665210539                -0.0014485716708
                 0.6400000000000                 0.8497102166403                 0.0016781338204                 0.5996779618972                 0.8894458106861                -0.0001413055013                -0.0001384407191                 0.0000235632363                -0.0100502521590                -0.0000116043748                -0.0007176490291                -0.0007121829560
                 0.6600000000000                 0.8712441795965                 0.0007602280151                 0.5994733593225                 0.8915115065984                -0.0000543425531                -0.0000537538916                 0.0000052751372                -0.0078928490844                -0.0000030678553                -0.0003300039521                -0.0003285957447
                 0.6800000000000                 0.8935018073685                 0.0003160545723                 0.5995386130403                 0.8934985442600                -0.0000184477455                -0.0000183518973                 0.0000009854214                -0.0060148848521                -0.0000006583061                -0.0001403270127                -0.0001400278524
                 0.7000000000000                 0.9154795205064                 0.0001197220230                 0.5996818298851                 0.8952394716352                -0.0000054600748                -0.0000054480074                 0.0000001505894                -0.0044329753883                -0.0000001125844                -0.0000545094765                -0.0000544581189
                 0.7200000000000                 0.9358934807158                 0.0000412353477                 0.5998120037469                 0.8966530292488                -0.0000014042118                -0.0000014029852                 0.0000000187128                -0.0031550311004                -0.0000000152812                -0.0000192251771                -0.0000192181142
                 0.7400000000000                 0.9535482596536                 0.0000129643754                 0.5999010927612                 0.8977280010322                -0.0000003146555                -0.0000003145664                 0.0000000019139                -0.0021711090038                -0.0000000016675                -0.0000061689275                -0.0000061681435
                 0.7600000000000                 0.9677252595518                 0.0000037629196                 0.5999523669043                 0.8985011013551                -0.0000000626231                -0.0000000626138                 0.0000000001616                -0.0014501194518                -0.0000000001505                -0.0000018189807                -0.0000018189087
                 0.7800000000000                 0.9783510904081                 0.0000010235975                 0.5999784678773                 0.8990324236636                -0.0000000113280                -0.0000000113255                 0.0000000000090                -0.0009453397394                -0.0000000000117                -0.0000005004684                -0.0000005004627
                 0.8000000000000                 0.9858674995889                 0.0000002650901                 0.5999906460368                 0.8993851072420                -0.0000000019024                -0.0000000018825                 0.0000000000047                -0.0006050990385                -0.0000000000007                -0.0000001306625                -0.0000001306621
                 0.8200000000000                 0.9909529424630                 0.0000000663496                 0.5999960078944                 0.8996134092280                -0.0000000003402                -0.0000000002912                 0.0000000000372                -0.0003823236522                -0.0000000000000                -0.0000000328649                -0.0000000328648
                 0.8400000000000                 0.9942854538490                 0.0000000164725                 0.5999982928037                 0.8997586671333                -0.0000000001168                -0.0000000001256                 0.0000000000388                -0.0002394542370                -0.0000000000000                -0.0000000080601                -0.0000000080599
                 0.8600000000000                 0.9964221770221                 0.0000000067695                 0.5999998611849                 0.8998506413931                -0.0000000006424                -0.0000000005789                -0.0000000004538                -0.0001494155445                 0.0000000000002                -0.0000000019436                -0.0000000019437
                 0.8800000000000                 0.9977726694578                 0.0000000029753                 0.5999998034134                 0.8999072238199                 0.0000000000538                -0.0000000005843                -0.0000000009892                -0.0000925835149                 0.0000000000002                -0.0000000004661                -0.0000000004638
                 0.9000000000000                 0.9986183937673                -0.0000000095864                 0.5999998410007                 0.8999425330259                 0.0000000005184                 0.0000000014440                 0.0000000058743                -0.0000572664948                 0.0000000000016                -0.0000000001076                -0.0000000001081
                 0.9200000000000                 0.9991449304718                -0.0000000138884                 0.5999999117857                 0.8999644926623                 0.0000000018790                 0.0000000025225                 0.0000000051341                -0.0000353925978                 0.0000000000035                -0.0000000000234                -0.0000000000279
                 0.9400000000000                 0.9994715471160                 0.0000000112592                 0.6000000195512                 0.8999781259791                 0.0000000141501                -0.0000000152901                -0.0000000089638                -0.0000218721566                -0.0000000000031                -0.0000000000259                -0.0000000000047
                 0.9600000000000                 0.9996736894965                 0.0000000535620                 0.5999997912436                 0.8999863565555                -0.0000000290946                 0.0000000171531                -0.0000000296452                -0.0000134137179                -0.0000000000209                 0.0000000000360                 0.0000000000040
                 0.9800000000000                 0.9997986180590                -0.0000007474014                 0.5999998556783                 0.8999913612796                 0.0000001902996                 0.0000000500092                 0.0000002659689                -0.0000083067908                 0.0000000002298                 0.0000000000036                 0.0000000001778
                 1.0000000000000                 0.9998757591173                -0.0000012905768                 0.5999975150593                 0.8999933111174                 0.0000002508715                 0.0000004304418                -0.0000000725637                -0.0000043250709                 0.0000000001414                -0.0000000001441                 0.0000000001156
