                -1.5000000000000                 0.0003585905632                 0.0000000000000                 0.0000296758251                 0.0000445110764                -0.0000000000000                -0.0000000000000                 0.0000000000000                -0.0000148247396                -0.0000000000000                -0.0000000000019                -0.0000000000019
                -1.4800000000000                 0.0005806485240                 0.0000000000000                 0.0000480846763                 0.0000721200303                -0.0000000000000                -0.0000000000000                 0.0000000000000                -0.0000240183179                -0.0000000000000                -0.0000000000081                -0.0000000000081
                -1.4600000000000                 0.0009393133294                 0.0000000000001                 0.0000778702690                 0.0001167871002                -0.0000000000000                -0.0000000000000                -0.0000000000000                -0.0000388892323                -0.0000000000000                -0.0000000000344                -0.0000000000344
                -1.4400000000000                 0.0015171753076                 0.0000000000004                 0.0001259944994                 0.0001889438874                -0.0000000000002                -0.0000000000002                -0.0000000000000                -0.0000629047071                 0.0000000000000                -0.0000000001458                -0.0000000001458
                -1.4200000000000                 0.0024444666394                 0.0000000000030                 0.0002035697405                 0.0003052298998                -0.0000000000015                -0.0000000000015                -0.0000000000000                -0.0001015879015                -0.0000000000000                -0.0000000006144                -0.0000000006144
                -1.4000000000000                 0.0039230017475                 0.0000000000203                 0.0003281618982                 0.0004919197253                -0.0000000000102                -0.0000000000102                -0.0000000000000                -0.0001636411770                -0.0000000000000                -0.0000000025700                -0.0000000025700
                -1.3800000000000                 0.0062568468569                 0.0000000001347                 0.0005271126528                 0.0007898392051                -0.0000000000673                -0.0000000000673                 0.0000000000000                -0.0002625387816                -0.0000000000000                -0.0000000106259                -0.0000000106259
                -1.3600000000000                 0.0098837344692                 0.0000000008701                 0.0008419573014                 0.0012608343156                -0.0000000004347                -0.0000000004347                 0.0000000000001                -0.0004185762690                -0.0000000000001                -0.0000000431480                -0.0000000431480
                -1.3400000000000                 0.0153887927037                 0.0000000054134                 0.0013334602744                 0.0019949772966                -0.0000000027040                -0.0000000027040                 0.0000000000014                -0.0006610398783                -0.0000000000014                -0.0000001704786                -0.0000001704779
                -1.3200000000000                 0.0234633275856                 0.0000000318622                 0.0020855928466                 0.0031158445933                -0.0000000159087                -0.0000000159082                 0.0000000000207                -0.0010295102673                -0.0000000000194                -0.0000006471363                -0.0000006471269
                -1.3000000000000                 0.0347613646970                 0.0000001735983                 0.0032050963689                 0.0047786946018                -0.0000000865946                -0.0000000865853                 0.0000000002693                -0.0015725049396                -0.0000000002441                -0.0000023235043                -0.0000023233880
                -1.2800000000000                 0.0496442861357                 0.0000008552717                 0.0048125695283                 0.0071555412881                -0.0000004257317                -0.0000004255836                 0.0000000030318                -0.0023415908283                -0.0000000026132                -0.0000077592106                -0.0000077579862
                -1.2600000000000                 0.0679144585082                 0.0000037327308                 0.0070240943246                 0.0104061576181                -0.0000018500236                -0.0000018481437                 0.0000000285970                -0.0033812039719                -0.0000000229883                -0.0000237515262                -0.0000237409334
                -1.2400000000000                 0.0887371326140                 0.0000142507335                 0.0099299592081                 0.0146453983509                -0.0000070054468                -0.0000069869668                 0.0000002210126                -0.0047184698896                -0.0000001619584                -0.0000660761585                -0.0000660023991
                -1.2200000000000                 0.1108661091685                 0.0000475057380                 0.0135830297803                 0.0199250568564                -0.0000230279337                -0.0000228885298                 0.0000013892436                -0.0063593153470                -0.0000009051446                -0.0001670027038                -0.0001665910542
                -1.2000000000000                 0.1330478201460                 0.0001394272404                 0.0180060442696                 0.0262416222493                -0.0000661229250                -0.0000653068041                 0.0000071643146                -0.0082933382577                -0.0000040422944                -0.0003863431857                -0.0003844806245
                -1.1800000000000                 0.1543622850015                 0.0003658637902                 0.0232176396644                 0.0335658494947                -0.0001681107963                -0.0001643006574                 0.0000309900612                -0.0105033108637                -0.0000147223554                -0.0008288875684                -0.0008219050857
                -1.1600000000000                 0.1743866137835                 0.0008753532685                 0.0292734459295                 0.0418835393466                -0.0003850685239                -0.0003703583832                 0.0001160865174                -0.0129718915623                -0.0000449500061                -0.0016768885004                -0.0016546290188
                -1.1400000000000                 0.1932573487370                 0.0019539997677                 0.0363301744602                 0.0512472351351                -0.0008095619988                -0.0007607425728                 0.0003918096078                -0.0156774256962                -0.0001183393984                -0.0032617350214                -0.0031998754766
                -1.1200000000000                 0.2118535600819                 0.0041885315269                 0.0447827214106                 0.0618710958667                -0.0015896022741                -0.0014459303910                 0.0012525571700                -0.0185611493730                -0.0002734354753                -0.0062512413581                -0.0060991368016
                -1.1000000000000                 0.2326719235832                 0.0089966338765                 0.0556918900907                 0.0744215572451                -0.0029344974607                -0.0025692689931                 0.0040696966370                -0.0213875061312                -0.0005281735351                -0.0122334341224                -0.0119160724394
                -1.0800000000000                 0.2621171652321                 0.0201188535502                 0.0720973130691                 0.0910378960212                -0.0045878110311                -0.0042616217108                 0.0141272163075                -0.0232773507647                -0.0002978936507                -0.0249916617884                -0.0247153212461
                -1.0600000000000                 0.2950868167409                 0.0377122391426                 0.0952617179290                 0.1135099397098                -0.0032859413133                -0.0067929885607                 0.0357153895195                -0.0243537369094                 0.0032626711400                -0.0429740335757                -0.0442429094332
                -1.0400000000000                 0.3137747976120                 0.0534520515137                 0.1195131740146                 0.1382608619693                 0.0018979549862                -0.0103539459225                 0.0571082938252                -0.0270118351923                 0.0099608635441                -0.0582545546314                -0.0619777050136
                -1.0200000000000                 0.3229084159550                 0.0665177008431                 0.1436464363443                 0.1638297964771                 0.0090589623364                -0.0144763569686                 0.0751009101836                -0.0309238704279                 0.0180710362105                -0.0716253673538                -0.0777771870770
                -1.0000000000000                 0.3275619823529                 0.0776848046214                 0.1676312427951                 0.1898165012708                 0.0171347669714                -0.0187001117784                 0.0905203902531                -0.0352506739043                 0.0268936569863                -0.0841482887249                -0.0925418641339
                -0.9800000000000                 0.3300496497901                 0.0875090228549                 0.1914096074652                 0.2159656992267                 0.0255088238834                -0.0226483998744                 0.1041401297831                -0.0392687841259                 0.0360674853509                -0.0962271466642                -0.1066875817228
                -0.9600000000000                 0.3314289878397                 0.0963772241979                 0.2149370442647                 0.2421216212171                 0.0337765417899                -0.0260026534964                 0.1164373204400                -0.0423619075836                 0.0453780660392                -0.1080254814671                -0.1204196440695
                -0.9400000000000                 0.3322140097252                 0.1045498280218                 0.2381857185606                 0.2681959071428                 0.0416256418657                -0.0285552560933                 0.1276392263531                -0.0441126471328                 0.0547002505594                -0.1196150244480                -0.1338533471195
                -0.9200000000000                 0.3326691202507                 0.1121915527920                 0.2611327642509                 0.2941357966973                 0.0487173622333                -0.0303001936472                 0.1377340920383                -0.0444322623545                 0.0639632151853                -0.1310254791855                -0.1470566307379
                -0.9000000000000                 0.3329364754417                 0.1193953628155                 0.2837475961571                 0.3198987490969                 0.0545389154182                -0.0314863953681                 0.1464128418573                -0.0436125537347                 0.0731249147104                -0.1422610531025                -0.1600650772722
                -0.8800000000000                 0.3330950603885                 0.1261838355897                 0.3059665544141                 0.3454264158093                 0.0582258897806                -0.0326088924548                 0.1529479495188                -0.0423006791913                 0.0821545397302                -0.1532976902219                -0.1728828162102
                -0.8600000000000                 0.3331898331209                 0.1324687736001                 0.3276342992417                 0.3706039106220                 0.0584390683865                -0.0343067494288                 0.1561050868454                -0.0414576477736                 0.0910193596965                -0.1640580026388                -0.1854685041339
                -0.8400000000000                 0.3332468464663                 0.1379421030477                 0.3483772985577                 0.3951794668023                 0.0536125392187                -0.0370074012701                 0.1544231355000                -0.0422271758210                 0.0996665720931                -0.1743495663135                -0.1976960505344
                -0.8200000000000                 0.3332814096538                 0.1418732943088                 0.3673632880788                 0.4186047531695                 0.0429562967648                -0.0402766943333                 0.1472892921067                -0.0454585707347                 0.1079755060337                -0.1837454762477                -0.2092704952641
                -0.8000000000000                 0.3333026201273                 0.1428807058284                 0.3829566472779                 0.4397577653635                 0.0275854493115                -0.0425652186558                 0.1362956809457                -0.0508289055651                 0.1156117237646                -0.1914137852243                -0.2195761173662
                -0.7800000000000                 0.3333159330477                 0.1390023778468                 0.3925089447130                 0.4565911617107                 0.0100946165342                -0.0419047293212                 0.1253721043302                -0.0563547945987                 0.1216562857168                -0.1960159387672                -0.2274584411272
                -0.7600000000000                 0.3333246571086                 0.1287139547717                 0.3932110831918                 0.4663359539286                -0.0072778238649                -0.0369580860577                 0.1193023326001                -0.0592518551052                 0.1241696924039                -0.1961365395716                -0.2311945771431
                -0.7400000000000                 0.3333309133205                 0.1130773405836                 0.3862597260651                 0.4690078277293                -0.0230769068874                -0.0286196545028                 0.1192246693596                -0.0590078745837                 0.1217060169128                -0.1923453437617                -0.2299733137918
                -0.7200000000000                 0.3333364827977                 0.0973362053998                 0.3832678614940                 0.4746793764409                -0.0341351698840                -0.0216977745683                 0.1150479245655                -0.0620694211944                 0.1186740963590                -0.1902894186900                -0.2276911854285
                -0.7000000000000                 0.3333434190720                 0.0833292068174                 0.3899911742515                 0.4885657744916                -0.0370057702030                -0.0182099118601                 0.1015387269553                -0.0718865932403                 0.1193201926259                -0.1924359192484                -0.2267096632933
                -0.6800000000000                 0.3333540153779                 0.0663539492866                 0.3945563927337                 0.4993758186602                -0.0330464299104                -0.0136194542339                 0.0904763620403                -0.0808204181215                 0.1192187012928                -0.1921959074170                -0.2221033903156
                -0.6600000000000                 0.3333711727687                 0.0493858071045                 0.3948915693351                 0.5051241952886                -0.0270103242790                -0.0081134399077                 0.0842548056253                -0.0864999810238                 0.1164739335338                -0.1876885090260                -0.2136104315474
                -0.6400000000000                 0.3333992170585                 0.0377094018636                 0.3949804590693                 0.5089547994109                -0.0221991970347                -0.0042492784854                 0.0800009494764                -0.0903236086745                 0.1116559292255                -0.1801196834081                -0.2029519381456
                -0.6200000000000                 0.3334452161468                 0.0338810388202                 0.3977699786727                 0.5131028107170                -0.0199560135456                -0.0035929135802                 0.0755442208372                -0.0936575320768                 0.1055148046244                -0.1707723779449                -0.1912342316548
                -0.6000000000000                 0.3335210634413                 0.0369388336790                 0.4036246115443                 0.5181229315545                -0.0200964210429                -0.0059491624199                 0.0702855257003                -0.0970498676501                 0.0985931992182                -0.1604786394485                -0.1789918350623
                -0.5800000000000                 0.3336468116857                 0.0441066666320                 0.4112961376233                 0.5235472466942                -0.0217293818857                -0.0101146304322                 0.0646289230334                -0.1004477710640                 0.0912292300688                -0.1496815824673                -0.1664619362314
                -0.5600000000000                 0.3338562746452                 0.0526650420718                 0.4192584990660                 0.5286417371144                -0.0239800747468                -0.0148259609341                 0.0592554571471                -0.1035841223747                 0.0836125896157                -0.1385963740309                -0.1537519736324
                -0.5400000000000                 0.3342066610327                 0.0605535592734                 0.4262327880764                 0.5327147467024                -0.0262205931479                -0.0190965867634                 0.0548129311343                -0.1061656114284                 0.0758441325511                -0.1273265299261                -0.1409157716910
                -0.5200000000000                 0.3347951942296                 0.0662315086990                 0.4311810378714                 0.5351429869776                -0.0280281393813                -0.0221729092742                 0.0518820216763                -0.1079108482618                 0.0679764939085                -0.1159276151978                -0.1279863448893
                -0.5000000000000                 0.3357876468754                 0.0684729680905                 0.4332325618566                 0.5353753785511                -0.0291041862615                -0.0234460791324                 0.0509665703576                -0.1085663512139                 0.0600338933229                -0.1044427597006                -0.1149932482063
                -0.4800000000000                 0.3374664403857                 0.0663402211575                 0.4317486371544                 0.5330618108480                -0.0292143446970                -0.0224463918050                 0.0523613404001                -0.1079788699341                 0.0520205202547                -0.0929266927306                -0.1019751997284
                -0.4600000000000                 0.3403072576092                 0.0594015948572                 0.4266047915942                 0.5283873718128                -0.0281430170811                -0.0189570995968                 0.0558172958146                -0.1062661606131                 0.0439312651978                -0.0814601241938                -0.0889902537525
                -0.4400000000000                 0.3450824166588                 0.0481619968825                 0.4186286345965                 0.5225250089648                -0.0256871514166                -0.0132352798336                 0.0600966825525                -0.1040378598863                 0.0357840290157                -0.0701442775041                -0.0761249973516
                -0.4200000000000                 0.3529329192188                 0.0344247612467                 0.4098173236793                 0.5177404640769                -0.0217871375316                -0.0062069335735                 0.0629025037342                -0.1024216035280                 0.0276879022212                -0.0590849863893                -0.0635212990185
                -0.4000000000000                 0.3651939722730                 0.0210611645581                 0.4028125481861                 0.5165758192868                -0.0168300636858                 0.0006160645109                 0.0617933276097                -0.1025973510242                 0.0199341937059                -0.0484318823132                -0.0514572689387
                -0.3800000000000                 0.3826215727918                 0.0109344540809                 0.3997298421206                 0.5204462866248                -0.0117871824448                 0.0056395545333                 0.0557471516341                -0.1050302403292                 0.0130476182775                -0.0384996549402                -0.0404408931057
                -0.3600000000000                 0.4042889027908                 0.0055336059500                 0.4012526910756                 0.5289580867297                -0.0077373511838                 0.0079127309464                 0.0458924568988                -0.1091550197874                 0.0076430628559                -0.0297880278270                -0.0311046737697
                -0.3400000000000                 0.4277079619020                 0.0042575337763                 0.4065010705111                 0.5403851625268                -0.0051508108397                 0.0076635454923                 0.0347742299669                -0.1137906254937                 0.0040261924181                -0.0227419104804                -0.0238564566280
                -0.3200000000000                 0.4505567257242                 0.0050736295649                 0.4136974305627                 0.5526909629816                -0.0037930135706                 0.0060885164635                 0.0249803113234                -0.1178095443639                 0.0019626805540                -0.0175505027033                -0.0187181313986
                -0.3000000000000                 0.4719136477266                 0.0060197492078                 0.4212692258108                 0.5644190169396                -0.0031853989989                 0.0044634428861                 0.0181303730478                -0.1205694454727                 0.0009431862724                -0.0142076001280                -0.0155041979919
                -0.2800000000000                 0.4920589738970                 0.0059880895400                 0.4283771390793                 0.5748622379565                -0.0029706738922                 0.0035575877372                 0.0148288391269                -0.1218812111060                 0.0005505930071                -0.0126443741492                -0.0140263116442
                -0.2600000000000                 0.5118209762978                 0.0045693397335                 0.4347440934979                 0.5837238205795                -0.0029918027377                 0.0036593796319                 0.0151872298081                -0.1217394599175                 0.0005904225149                -0.0128130290469                -0.0141850106103
                -0.2400000000000                 0.5321474642177                 0.0017762760338                 0.4404321983221                 0.5908544975826                -0.0032650564928                 0.0047407182101                 0.0191993093802                -0.1201420041834                 0.0010831968319                -0.0147191472321                -0.0159912385809
                -0.2200000000000                 0.5538019645666                -0.0018565492450                 0.4459671710757                 0.5963562950566                -0.0039849587379                 0.0064347298301                 0.0266979582560                -0.1171103464484                 0.0022677573508                -0.0184185421874                -0.0195648303577
                -0.2000000000000                 0.5768828938748                -0.0048033894872                 0.4527733478539                 0.6010763421157                -0.0055458771093                 0.0078611904793                 0.0369155352744                -0.1129027396622                 0.0045973363480                -0.0239762376625                -0.0251041164096
                -0.1800000000000                 0.6001744074476                -0.0043509865166                 0.4632802475821                 0.6070754768053                -0.0084171005024                 0.0076917062518                 0.0480081527649                -0.1082679152978                 0.0085612284969                -0.0313714023357                -0.0327732647079
                -0.1600000000000                 0.6211783051084                 0.0022505211584                 0.4798224004596                 0.6171658503148                -0.0127239896185                 0.0048583957917                 0.0572923987295                -0.1043908456162                 0.0142955764387                -0.0403629407573                -0.0424821266962
                -0.1400000000000                 0.6376044011502                 0.0157385278261                 0.5030341595002                 0.6334530592873                -0.0178430937243                -0.0006221510067                 0.0623971455891                -0.1023849557769                 0.0214018187849                -0.0504716522037                -0.0537534481799
                -0.1200000000000                 0.6489086104798                 0.0341649007357                 0.5314547210448                 0.6561074094602                -0.0226539618979                -0.0076180571643                 0.0625957839825                -0.1026281551806                 0.0292566617474                -0.0612219731561                -0.0659552421475
                -0.1000000000000                 0.6560524479572                 0.0541286522295                 0.5622733792885                 0.6832218864519                -0.0262833043206                -0.0144960666977                 0.0592926343908                -0.1044661073310                 0.0373787135772                -0.0723404327252                -0.0786260420819
                -0.0800000000000                 0.6603711841779                 0.0724328378846                 0.5925135539867                 0.7119152510048                -0.0284556820114                -0.0198318241453                 0.0550210755621                -0.1066690779875                 0.0455190917606                -0.0836939835833                -0.0915234117010
                -0.0600000000000                 0.6629348535168                 0.0870450277353                 0.6200775673360                 0.7398001437740                -0.0292789689067                -0.0228360501388                 0.0519072699204                -0.1081916405438                 0.0535934632199                -0.0951778249267                -0.1045205815256
                -0.0400000000000                 0.6644494095721                 0.0972205220871                 0.6440866904835                 0.7656501567241                -0.0289628913443                -0.0233636466427                 0.0509681417127                -0.1085335910692                 0.0615926247744                -0.1066932428003                -0.1175375902700
                -0.0200000000000                 0.6653451960173                 0.1031709545536                 0.6646012097965                 0.7892018116074                -0.0277240603462                -0.0216957324009                 0.0523108436937                -0.1076480329617                 0.0695214346609                -0.1181649488082                -0.1305208330552
                 0.0000000000000                 0.6658767982457                 0.1056811165674                 0.6821899624130                 0.8106953750950                -0.0258054397300                -0.0183341655859                 0.0555802015998                -0.1057179402726                 0.0773723171166                -0.1295420203555                -0.1434342683741
                 0.0200000000000                 0.6661935435575                 0.1058976834891                 0.6976543453313                 0.8305506246839                -0.0235244927924                -0.0139123300311                 0.0602523137917                -0.1030053557490                 0.0851163482547                -0.1407810196335                -0.1562487372304
                 0.0400000000000                 0.6663830491080                 0.1053333898365                 0.7119441535134                 0.8492229116721                -0.0213373262068                -0.0092210212870                 0.0657344574028                -0.0997945696158                 0.0926935709148                -0.1518203622675                -0.1689287796765
                 0.0600000000000                 0.6664969148851                 0.1060072056473                 0.7261597738608                 0.8671330121801                -0.0199208323459                -0.0053032309897                 0.0713652459351                -0.0963793825154                 0.0999896925284                -0.1625410179440                -0.1814134854553
                 0.0800000000000                 0.6665656646491                 0.1103614620084                 0.7413538587969                 0.8844702520215                -0.0201855140514                -0.0034566323778                 0.0764796873416                -0.0930069121159                 0.1067910065659                -0.1726943663641                -0.1935781400536
                 0.1000000000000                 0.6666074054639                 0.1200984491883                 0.7575863900860                 0.9005518851583                -0.0229548258546                -0.0047759825554                 0.0808037362098                -0.0896462504272                 0.1127231574229                -0.1817741033782                -0.2051443123104
                 0.1200000000000                 0.6666328745825                 0.1335397340977                 0.7721914785411                 0.9126840664002                -0.0281682806607                -0.0091384034477                 0.0852231125991                -0.0855890903262                 0.1171996408427                -0.1888567979529                -0.2154893822657
                 0.1400000000000                 0.6666484679413                 0.1433670699640                 0.7791274237647                 0.9154977070067                -0.0341248574049                -0.0146624229215                 0.0921900194767                -0.0793492541331                 0.1194473782649                -0.1925975600920                -0.2233650571721
                 0.1600000000000                 0.6666581490074                 0.1373739148993                 0.7728949959564                 0.9036725496425                -0.0371163857576                -0.0188747912862                 0.1042990499862                -0.0698155242950                 0.1191019141484                -0.1920212661341                -0.2270678101799
                 0.1800000000000                 0.6666646455153                 0.1114779194363                 0.7645753905380                 0.8879506639995                -0.0325487357878                -0.0226827469173                 0.1168282195678                -0.0608049340899                 0.1189436320255                -0.1902336074277                -0.2279384346909
                 0.2000000000000                 0.6666701980860                 0.0817247149475                 0.7774597795117                 0.8914082406790                -0.0202230448217                -0.0303395266014                 0.1190750049973                -0.0591021874021                 0.1224840610624                -0.1931991732007                -0.2305012306220
                 0.2200000000000                 0.6666767986762                 0.0468779918928                 0.7936844772651                 0.8946982081446                -0.0039531851720                -0.0382702445507                 0.1199353783976                -0.0589909287014                 0.1240686021213                -0.1964961116045                -0.2308698493604
                 0.2400000000000                 0.6666862276820                 0.0010893480006                 0.7950894456285                 0.8821252680468                 0.0135575518300                -0.0423476128414                 0.1272682707738                -0.0553974636694                 0.1206766186171                -0.1954322755757                -0.2261845650400
                 0.2600000000000                 0.6667007730875                -0.0516969286173                 0.7838735899952                 0.8603074982986                 0.0308465811583                -0.0422900495313                 0.1385887786332                -0.0496830084485                 0.1142020736650                -0.1901067858486                -0.2177057621692
                 0.2800000000000                 0.6667240775734                -0.1006142392291                 0.7687262203706                 0.8401802877977                 0.0454760589025                -0.0396536426337                 0.1490754182465                -0.0446246585670                 0.1063879338613                -0.1820106915654                -0.2070813361065
                 0.3000000000000                 0.6667621660705                -0.1346719119887                 0.7569607291069                 0.8288585141069                 0.0550125250448                -0.0364037839856                 0.1551860935112                -0.0418990825168                 0.0979966809784                -0.1723894073709                -0.1953435782641
                 0.3200000000000                 0.6668251030608                -0.1493479399693                 0.7513774142424                 0.8275811208992                 0.0587471131949                -0.0339014255740                 0.1558252528081                -0.0415317973778                 0.0893006947807                -0.1619821616860                -0.1830297508739
                 0.3400000000000                 0.6669298589268                -0.1475275864161                 0.7504951412596                 0.8335464901266                 0.0577295090307                -0.0323644702518                 0.1518901019749                -0.0425544658986                 0.0804004980322                -0.1511575574618                -0.1703922636997
                 0.3600000000000                 0.6671053854130                -0.1350006803657                 0.7510322596007                 0.8430135628976                 0.0535348401518                -0.0312780486243                 0.1448543850271                -0.0438365760480                 0.0713427154602                -0.1400781844573                -0.1575357559748
                 0.3800000000000                 0.6674017996876                -0.1167184326490                 0.7499214726880                 0.8529967189469                 0.0474105129272                -0.0300144090272                 0.1358565946894                -0.0444738004314                 0.0621586325235                -0.1288075950369                -0.1444906061148
                 0.4000000000000                 0.6679075173173                -0.0958280169581                 0.7450807865613                 0.8616252025028                 0.0401381776517                -0.0281228694661                 0.1255316466121                -0.0438854365012                 0.0528801704131                -0.1173631723658                -0.1312459844928
                 0.4200000000000                 0.6687825704866                -0.0739680834661                 0.7356330522718                 0.8680944975684                 0.0321832599093                -0.0254055534211                 0.1141224836700                -0.0418534776492                 0.0435533961977                -0.1057360859101                -0.1177604454578
                 0.4400000000000                 0.6703269081437                -0.0517725098710                 0.7219074915299                 0.8725542853770                 0.0238688480597                -0.0219140309354                 0.1015918169688                -0.0385383839588                 0.0342574774703                -0.0938903955855                -0.1039585118771
                 0.4600000000000                 0.6731295832107                -0.0293909470849                 0.7051131036975                 0.8758573200453                 0.0155165164481                -0.0178847311367                 0.0876663214445                -0.0344074470317                 0.0251319241232                -0.0817419726603                -0.0897120201457
                 0.4800000000000                 0.6784175015455                -0.0070243196864                 0.6867597960940                 0.8791787177886                 0.0075619091273                -0.0136493175372                 0.0718140936155                -0.0301017552276                 0.0164140144848                -0.0690973115022                -0.0747879930183
                 0.5000000000000                 0.6889016468779                 0.0144004892115                 0.6680820377438                 0.8835875923806                 0.0006825093549                -0.0095969395068                 0.0532062879986                -0.0263651627611                 0.0085068286238                -0.0554684232466                -0.0587014411121
                 0.5200000000000                 0.7103366047241                 0.0311940469381                 0.6491998859235                 0.8889686176968                -0.0039138113161                -0.0062084074552                 0.0311934564447                -0.0240488709827                 0.0022402118304                -0.0396067778904                -0.0404493533497
                 0.5400000000000                 0.7446425678051                 0.0319472964563                 0.6291597224416                 0.8905161323423                -0.0043427806962                -0.0038807653470                 0.0111116657412                -0.0230450748095                -0.0004941125013                -0.0217720076263                -0.0214142093096
                 0.5600000000000                 0.7718065352476                 0.0206786322613                 0.6144584189989                 0.8875819742059                -0.0026185195501                -0.0023079895627                 0.0032142684765                -0.0208663114798                -0.0004759544809                -0.0106874042082                -0.0104065048254
                 0.5800000000000                 0.7918421256773                 0.0119682355562                 0.6065633610789                 0.8860538638888                -0.0013996715750                -0.0012823057346                 0.0009992525605                -0.0179894907418                -0.0002345744044                -0.0055028170551                -0.0053739899718
                 0.6000000000000                 0.8103700651696                 0.0065858637767                 0.6024744978124                 0.8862618743216                -0.0007041942001                -0.0006651880984                 0.0003107300078                -0.0151314009773                -0.0000989646294                -0.0028696463613                -0.0028184941710
                 0.6200000000000                 0.8294258442417                 0.0034336731963                 0.6004916349971                 0.8875681206056                -0.0003298593037                -0.0003184154809                 0.0000905241284                -0.0124696289254                -0.0000365893932                -0.0014665210540                -0.0014485716708
                 0.6400000000000                 0.8497102166403                 0.0016781338554                 0.5996779619815                 0.8894458107576                -0.0001413055002                -0.0001384407316                 0.0000235632241                -0.0100502521887                -0.0000116043748                -0.0007176490291                -0.0007121829560
                 0.6600000000000                 0.8712441795965                 0.0007602280480                 0.5994733593185                 0.8915115066017                -0.0000543425631                -0.0000537538929                 0.0000052751272                -0.0078928490810                -0.0000030678553                -0.0003300039521                -0.0003285957447
                 0.6800000000000                 0.8935018073685                 0.0003160545935                 0.5995386130468                 0.8934985442669                -0.0000184477512                -0.0000183518997                 0.0000009854163                -0.0060148848530                -0.0000006583061                -0.0001403270127                -0.0001400278524
                 0.7000000000000                 0.9154795205064                 0.0001197220142                 0.5996818298497                 0.8952394716215                -0.0000054600756                -0.0000054479994                 0.0000001505838                -0.0044329753786                -0.0000001125844                -0.0000545094765                -0.0000544581189
                 0.7200000000000                 0.9358934807158                 0.0000412353994                 0.5998120038882                 0.8966530293990                -0.0000014042045                -0.0000014029996                 0.0000000186751                -0.0031550311566                -0.0000000152812                -0.0000192251771                -0.0000192181142
                 0.7400000000000                 0.9535482596536                 0.0000129643730                 0.5999010927644                 0.8977280010440                -0.0000003146366                -0.0000003145730                 0.0000000018920                -0.0021711089987                -0.0000000016675                -0.0000061689275                -0.0000061681435
                 0.7600000000000                 0.9677252595518                 0.0000037629407                 0.5999523667969                 0.8985011012729                -0.0000000626273                -0.0000000626107                 0.0000000001428                -0.0014501194013                -0.0000000001505                -0.0000018189806                -0.0000018189088
                 0.7800000000000                 0.9783510904081                 0.0000010233408                 0.5999784677445                 0.8990324235725                -0.0000000112628                -0.0000000112835                 0.0000000000512                -0.0009453397150                -0.0000000000116                -0.0000005004684                -0.0000005004627
                 0.8000000000000                 0.9858674995889                 0.0000002653009                 0.5999906462252                 0.8993851072654                -0.0000000018699                -0.0000000019927                -0.0000000000509                -0.0006050990226                -0.0000000000007                -0.0000001306625                -0.0000001306620
                 0.8200000000000                 0.9909529424630                 0.0000000663435                 0.5999960082656                 0.8996134096671                -0.0000000002600                -0.0000000003127                -0.0000000000739                -0.0003823238163                -0.0000000000001                -0.0000000328651                -0.0000000328648
                 0.8400000000000                 0.9942854538490                 0.0000000168305                 0.5999982931108                 0.8997586676214                -0.0000000002230                -0.0000000001167                -0.0000000001238                -0.0002394543996                -0.0000000000002                -0.0000000080600                -0.0000000080601
                 0.8600000000000                 0.9964221770221                 0.0000000050017                 0.5999998605522                 0.8998506429216                -0.0000000006784                 0.0000000004216                -0.0000000006107                -0.0001494162288                -0.0000000000006                -0.0000000019434                -0.0000000019452
                 0.8800000000000                 0.9977726694578                -0.0000000055862                 0.5999997936819                 0.8999072146324                 0.0000000016149                 0.0000000009101                 0.0000000014579                -0.0000925801452                 0.0000000000014                -0.0000000004644                -0.0000000004633
                 0.9000000000000                 0.9986183937673                 0.0000000031419                 0.5999998603314                 0.8999425546661                -0.0000000014543                -0.0000000001716                 0.0000000003314                -0.0000572745422                -0.0000000000016                -0.0000000001100                -0.0000000001094
                 0.9200000000000                 0.9991449304718                 0.0000000376339                 0.5999999411720                 0.8999645212138                -0.0000000087786                -0.0000000052301                -0.0000000095507                -0.0000353995302                -0.0000000000040                -0.0000000000315                -0.0000000000289
                 0.9400000000000                 0.9994715471160                 0.0000000504225                 0.5999999921962                 0.8999781125107                -0.0000000109305                -0.0000000090708                -0.0000000103434                -0.0000218647175                -0.0000000000186                -0.0000000000067                -0.0000000000197
                 0.9600000000000                 0.9996736894965                 0.0000000878787                 0.6000001248375                 0.8999866753877                -0.0000000131182                -0.0000000031097                -0.0000000555006                -0.0000135602112                 0.0000000000300                -0.0000000000048                 0.0000000000089
                 0.9800000000000                 0.9997986180590                 0.0000005714784                 0.6000009701838                 0.8999923888556                -0.0000000174404                -0.0000001974611                -0.0000001419770                -0.0000086164901                 0.0000000000888                -0.0000000000796                 0.0000000000620
                 1.0000000000000                 0.9998757591173                -0.0000003429856                 0.5999998314292                 0.8999950053328                -0.0000000250783                 0.0000001755853                 0.0000000404065                -0.0000052288769                 0.0000000004539                 0.0000000003335                 0.0000000003288
