-1.4	4.9188715276251031E-004	3.9229743027121193E-003	
-1.2	2.6138382647733039E-002	0.13295815057110774 	
-1.0	0.12441817586811563	0.27266465584089855	
-0.8	0.24909175006908796	0.32119788925211123   
-0.6	0.37674866919457345	0.34534957383675885	
-0.4	0.48629893486307074	0.39826401717450771	
-0.2	0.39801060775388714	0.57105345027164833	
0.0	0.48900492385139455	0.64539338600726393	
0.2	0.61482060960927565	0.67170099076835399	
0.4	0.74181530367990134	0.70832490580242335	
0.6	0.85173203741415560	0.81201508644207987	
0.8	0.89818577459293869	0.98586450443693940	
1.0	0.00000000000000000	0.99998223829854782	
