-1.4	8.1562176874884680E-004	3.9233301018687687E-003
-1.2	3.8064413880071410E-002	0.14401893182404682	
-1.0	0.16400366138516945	0.35417761280177096
-0.8	0.31818040101264938	0.44068138447355870
-0.6	0.47994234102812516	0.47600870143565788
-0.4	0.64430567488166202	0.49268152229030987
-0.2	0.80941125942747272	0.50403736863416193
0.0	0.97411789561015072	0.51820959668544953
0.2	1.1368990492514299	0.54626676098155180
0.4	1.2941269187463813	0.61287879597773087	
0.6	1.4325696568520101	0.78215250358903110
0.8	1.4987400029285856	0.98534849452829931
1.0	1.2166200119196482	0.99998223829858068
1.2	1.2166200119196482	0.99999985886658926
1.4	1.2166200119196482	0.99999999887869961
