  -1.3899999999999999        4.9590645078520937E-003
  -1.3799999999999999        6.2568037976767710E-003
  -1.3699999999999999        7.8753960367238286E-003
  -1.3599999999999999        9.8836713458076517E-003
  -1.3499999999999999        1.2359617461264823E-002
  -1.3399999999999999        1.5388713705880642E-002
  -1.3299999999999998        1.9060494747484398E-002
  -1.3199999999999998        2.3463226486797661E-002
  -1.3099999999999998        2.8676340455226997E-002
  -1.2999999999999998        3.4761234144773681E-002
  -1.2899999999999998        4.1751460073524045E-002
  -1.2799999999999998        4.9644041249275017E-002
  -1.2699999999999998        5.8393947905990361E-002
  -1.2599999999999998        6.7913462362915358E-002
  -1.2499999999999998        7.8077172237654591E-002
  -1.2399999999999998        8.8731948827444743E-002
  -1.2299999999999998        9.9710021512269431E-002
  -1.2199999999999998       0.11084264620413821     
  -1.2099999999999997       0.12197206169481947     
  -1.1999999999999997       0.13296022722339834     
  -1.1899999999999997       0.14369382902894737     
  -1.1799999999999997       0.15408586823920759     
  -1.1699999999999997       0.16407461917739624     
  -1.1599999999999997       0.17362088474644513     
  -1.1499999999999997       0.18270420862684478     
  -1.1399999999999997       0.19131965455588545     
  -1.1299999999999997       0.19947326682079178     
  -1.1199999999999997       0.20717934690257700     
  -1.1099999999999997       0.21445758866311965     
  -1.0999999999999996       0.22133086976329477     
  -1.0899999999999996       0.22782354129692578     
  -1.0799999999999996       0.23396015679322568     
  -1.0699999999999996       0.23976457275536800     
  -1.0599999999999996       0.24525935307372976     
  -1.0499999999999996       0.25046541464427707     
  -1.0399999999999996       0.25540185870766002     
  -1.0299999999999996       0.26008594030500148     
  -1.0199999999999996       0.26453313601907602     
  -1.0099999999999996       0.26875727743280392     
 -0.99999999999999956       0.27277072430195132     
 -0.98999999999999955       0.27658455723829595     
 -0.97999999999999954       0.28020877471907490     
 -0.96999999999999953       0.28365248350138778     
 -0.95999999999999952       0.28692407506385492     
 -0.94999999999999951       0.29003138357786945     
 -0.93999999999999950       0.29298182318067201     
 -0.92999999999999949       0.29578250406084750     
 -0.91999999999999948       0.29844032812476312     
 -0.90999999999999948       0.30096206587440044     
 -0.89999999999999947       0.30335441664996110     
 -0.88999999999999946       0.30562405463934045     
 -0.87999999999999945       0.30777766307794552     
 -0.86999999999999944       0.30982195893654207     
 -0.85999999999999943       0.31176371011828918     
 -0.84999999999999942       0.31360974686707938     
 -0.83999999999999941       0.31536696870160108     
 -0.82999999999999940       0.31704222590859826     
 -0.81999999999999940       0.31864277804483648     
 -0.80999999999999939       0.32017564425236017     
 -0.79999999999999938       0.32164800817743305     
 -0.78999999999999937       0.32306711522078480     
 -0.77999999999999936       0.32444026543633619     
 -0.76999999999999935       0.32577480555354199     
 -0.75999999999999934       0.32707812079545040     
 -0.74999999999999933       0.32835762727297768     
 -0.73999999999999932       0.32962076576320604     
 -0.72999999999999932       0.33087499761006206     
 -0.71999999999999931       0.33212780331842590     
 -0.70999999999999930       0.33338668417700623     
 -0.69999999999999929       0.33465916696982961     
 -0.68999999999999928       0.33595281156920043     
 -0.67999999999999927       0.33727522095495854     
 -0.66999999999999926       0.33863405301237831     
 -0.65999999999999925       0.34003703333132845     
 -0.64999999999999925       0.34149196812028926     
 -0.63999999999999924       0.34300675634930811     
 -0.62999999999999923       0.34458938734735750     
 -0.61999999999999922       0.34624799457742778     
 -0.60999999999999921       0.34799079644860159     
 -0.59999999999999920       0.34982613488245690     
 -0.58999999999999919       0.35176246026667812     
 -0.57999999999999918       0.35380831906369686     
 -0.56999999999999917       0.35597232380600191     
 -0.55999999999999917       0.35826316147834469     
 -0.54999999999999916       0.36068950777194064     
 -0.53999999999999915       0.36326000881924819     
 -0.52999999999999914       0.36598321647929044     
 -0.51999999999999913       0.36886751850924948     
 -0.50999999999999912       0.37192105663544789     
 -0.49999999999999911       0.37515163217030867     
 -0.48999999999999910       0.37856659917748020     
 -0.47999999999999909       0.38217274583847316     
 -0.46999999999999909       0.38597616407025648     
 -0.45999999999999908       0.38998211177957143     
 -0.44999999999999907       0.39419487054582425     
 -0.43999999999999906       0.39861758275325204     
 -0.42999999999999905       0.40325213126836112     
 -0.41999999999999904       0.40809897390751559     
 -0.40999999999999903       0.41315702112431446     
 -0.39999999999999902       0.41842352232283236     
 -0.38999999999999901       0.42389397498956810     
 -0.37999999999999901       0.42956204500650047     
 -0.36999999999999900       0.43541955096729412     
 -0.35999999999999899       0.44145643673491597     
 -0.34999999999999898       0.44766079967797950     
 -0.33999999999999897       0.45401894164522499     
 -0.32999999999999896       0.46051544828615348     
 -0.31999999999999895       0.46713329883442178     
 -0.30999999999999894       0.47385399454439325     
 -0.29999999999999893       0.48065774642552533     
 -0.28999999999999893       0.48752366820117615     
 -0.27999999999999892       0.49443002740027470     
 -0.26999999999999891       0.50135452452670737     
 -0.25999999999999890       0.50827460863724128     
 -0.24999999999999889       0.51516778204183400     
 -0.23999999999999888       0.52201193430684145     
 -0.22999999999999887       0.52878563289088143     
 -0.21999999999999886       0.53546839241146538     
 -0.20999999999999885       0.54204090549562189     
 -0.19999999999999885       0.54848523581259623     
 -0.18999999999999884       0.55478497334499854     
 -0.17999999999999883       0.56092536562953110     
 -0.16999999999999882       0.56689340839996472     
 -0.15999999999999881       0.57267791716298366     
 -0.14999999999999880       0.57826956620881276     
 -0.13999999999999879       0.58366089866201520     
 -0.12999999999999878       0.58884630626928747     
 -0.11999999999999879       0.59382197947922599     
 -0.10999999999999879       0.59858582987527675     
  -9.9999999999998798E-002  0.60313738849236809     
  -8.9999999999998803E-002  0.60747768473535124     
  -7.9999999999998808E-002  0.61160911746254321     
  -6.9999999999998813E-002  0.61553528447260064     
  -5.9999999999998811E-002  0.61926087002166219     
  -4.9999999999998809E-002  0.62279147535131840     
  -3.9999999999998807E-002  0.62613348085348697     
  -2.9999999999998805E-002  0.62929391307757720     
  -1.9999999999998803E-002  0.63228034419223900     
  -9.9999999999988032E-003  0.63510061582182253     
   1.1969591984239969E-015  0.63776308653248281     
   1.0000000000001197E-002  0.64027618081962578     
   2.0000000000001197E-002  0.64264849318870398     
   3.0000000000001199E-002  0.64488869206362776     
   4.0000000000001201E-002  0.64700546051281849     
   5.0000000000001203E-002  0.64900745511283731     
   6.0000000000001205E-002  0.65090326517243924     
   7.0000000000001200E-002  0.65270140915331054     
   8.0000000000001195E-002  0.65441029307145981     
   9.0000000000001190E-002  0.65603821517434757     
  0.10000000000000119       0.65759335460084967     
  0.11000000000000118       0.65908378455996797     
  0.12000000000000118       0.66051746133818667     
  0.13000000000000117       0.66190224795882890     
  0.14000000000000118       0.66324591773868902     
  0.15000000000000119       0.66455616763897329     
  0.16000000000000120       0.66584063203440746     
  0.17000000000000121       0.66710689671456236     
  0.18000000000000121       0.66836250672107289     
  0.19000000000000122       0.66961497828544891     
  0.20000000000000123       0.67087180359058030     
  0.21000000000000124       0.67214045652930932     
  0.22000000000000125       0.67342839035434199     
  0.23000000000000126       0.67474303699999438     
  0.24000000000000127       0.67609180069494879     
  0.25000000000000128       0.67748205331428146     
  0.26000000000000129       0.67892112392592974     
  0.27000000000000129       0.68041629347353727     
  0.28000000000000130       0.68197478012150425     
  0.29000000000000131       0.68360374559470449     
  0.30000000000000132       0.68531027707921310     
  0.31000000000000133       0.68710139132640535     
  0.32000000000000134       0.68898403079983916     
  0.33000000000000135       0.69096506709350236     
  0.34000000000000136       0.69305130466498532     
  0.35000000000000137       0.69524948915818952     
  0.36000000000000137       0.69756632181116518     
  0.37000000000000138       0.70000847869397309     
  0.38000000000000139       0.70258263894080764     
  0.39000000000000140       0.70529552293285280     
  0.40000000000000141       0.70815394449839297     
  0.41000000000000142       0.71116487681108365     
  0.42000000000000143       0.71433553622955759     
  0.43000000000000144       0.71767348572145828     
  0.44000000000000145       0.72118676035457463     
  0.45000000000000145       0.72488401104640787     
  0.46000000000000146       0.72877467135448937     
  0.47000000000000147       0.73286913991325409     
  0.48000000000000148       0.73717897398191079     
  0.49000000000000149       0.74171708706851669     
  0.50000000000000144       0.74649793452418556     
  0.51000000000000145       0.75153767614413602     
  0.52000000000000146       0.75685428561634349     
  0.53000000000000147       0.76246758447259544     
  0.54000000000000148       0.76839916289049803     
  0.55000000000000149       0.77467214462130096     
  0.56000000000000150       0.78131074513345433     
  0.57000000000000151       0.78833956467249655     
  0.58000000000000151       0.79578255234536555     
  0.59000000000000152       0.80366157055644527     
  0.60000000000000153       0.81199449600111051     
  0.61000000000000154       0.82079280502411622     
  0.62000000000000155       0.83005862503209471     
  0.63000000000000156       0.83978129650806843     
  0.64000000000000157       0.84993359401490065     
  0.65000000000000158       0.86046790621904401     
  0.66000000000000159       0.87131287398351631     
  0.67000000000000159       0.88237120409178504     
  0.68000000000000160       0.89351954666686961     
  0.69000000000000161       0.90461134520400877     
  0.70000000000000162       0.91548329740463474     
  0.71000000000000163       0.92596548583750216     
  0.72000000000000164       0.93589420725371375     
  0.73000000000000165       0.94512573634567199     
  0.74000000000000166       0.95354846315790398     
  0.75000000000000167       0.96109108047476000     
  0.76000000000000167       0.96772537728159302     
  0.77000000000000168       0.97346356904067488     
  0.78000000000000169       0.97835118715075764     
  0.79000000000000170       0.98245805212235460     
  0.80000000000000171       0.98586757394054625     
  0.81000000000000172       0.98866978276076734     
  0.82000000000000173       0.99095297595486231     
  0.83000000000000174       0.99280005820177086     
  0.84000000000000175       0.99428549351409801     
  0.85000000000000175       0.99547437262208593     
  0.86000000000000176       0.99642220452168317     
  0.87000000000000177       0.99717549937934069     
  0.88000000000000178       0.99777268866253432     
  0.89000000000000179       0.99824517478222874     
  0.90000000000000180       0.99861840646654132     
  0.91000000000000181       0.99891286266519097     
  0.92000000000000182       0.99914493891362932     
  0.93000000000000183       0.99932770651793601     
  0.94000000000000183       0.99947155268021481     
  0.95000000000000184       0.99958471066806542     
  0.96000000000000185       0.99967369318768362     
  0.97000000000000186       0.99974364395824644     
  0.98000000000000187       0.99979862046869961     
  0.99000000000000188       0.99984182011257594     
   1.0000000000000018       0.99987576069094619     
