       -0.1500000000000000E+01         0.6943622280174810E-03         0.2400377665859829E-06         0.0000000000000000E+00
       -0.1495000000000000E+01         0.7961853515157241E-03         0.2754636390276868E-06         0.0000000000000000E+00
       -0.1490000000000000E+01         0.8974741290025871E-03         0.3051603097392633E-06         0.0000000000000000E+00
       -0.1485000000000000E+01         0.9795195924415594E-03         0.3318708703217426E-06         0.0000000000000000E+00
       -0.1480000000000000E+01         0.1146953343059295E-02         0.3851157305550464E-06         0.0000000000000000E+00
       -0.1475000000000000E+01         0.1267954864523958E-02         0.4242384036097557E-06         0.0000000000000000E+00
       -0.1470000000000000E+01         0.1467093502017502E-02         0.4877709365601939E-06         0.0000000000000000E+00
       -0.1465000000000000E+01         0.1613831233292803E-02         0.5318804316237304E-06         0.0000000000000000E+00
       -0.1460000000000000E+01         0.1848492205197076E-02         0.6066303718344667E-06         0.0000000000000000E+00
       -0.1455000000000000E+01         0.2057895801154864E-02         0.6724816383487919E-06         0.0000000000000000E+00
       -0.1450000000000000E+01         0.2356863928086755E-02         0.7686611646655719E-06         0.0000000000000000E+00
       -0.1445000000000000E+01         0.2683977306833751E-02         0.8711832755250173E-06         0.0000000000000000E+00
       -0.1440000000000000E+01         0.3005074945441580E-02         0.9704380712040919E-06         0.0000000000000000E+00
       -0.1435000000000000E+01         0.3321400535915502E-02         0.1072494683600290E-05         0.0000000000000000E+00
       -0.1430000000000000E+01         0.3740535100483527E-02         0.1204926948717807E-05         0.0000000000000000E+00
       -0.1425000000000000E+01         0.4231024113934626E-02         0.1359793518515396E-05         0.0000000000000000E+00
       -0.1420000000000000E+01         0.4742837213794982E-02         0.1520712635574122E-05         0.0000000000000000E+00
       -0.1415000000000000E+01         0.5356851750194454E-02         0.1714452603198625E-05         0.0000000000000000E+00
       -0.1410000000000000E+01         0.5931773611105046E-02         0.1897313042333952E-05         0.0000000000000000E+00
       -0.1405000000000000E+01         0.6686862496823010E-02         0.2134219110782243E-05         0.0000000000000000E+00
       -0.1400000000000000E+01         0.7565079842450350E-02         0.2415808852585702E-05         0.0000000000000000E+00
       -0.1395000000000000E+01         0.8439487741120671E-02         0.2689621373242741E-05         0.0000000000000000E+00
       -0.1390000000000000E+01         0.9326798777968270E-02         0.2970475836257846E-05         0.0000000000000000E+00
       -0.1385000000000000E+01         0.1046354772389986E-01         0.3330170496514759E-05         0.0000000000000000E+00
       -0.1380000000000000E+01         0.1177415034168219E-01         0.3742854129199294E-05         0.0000000000000000E+00
       -0.1375000000000000E+01         0.1324286459006539E-01         0.4209829059166220E-05         0.0000000000000000E+00
       -0.1370000000000000E+01         0.1485380339019836E-01         0.4714657186400217E-05         0.0000000000000000E+00
       -0.1365000000000000E+01         0.1634810860824469E-01         0.5187190256607264E-05         0.0000000000000000E+00
       -0.1360000000000000E+01         0.1823675839044453E-01         0.5785035556276992E-05         0.0000000000000000E+00
       -0.1355000000000000E+01         0.2036894288498071E-01         0.6460484784631605E-05         0.0000000000000000E+00
       -0.1350000000000000E+01         0.2262688172168683E-01         0.7172180753292406E-05         0.0000000000000000E+00
       -0.1345000000000000E+01         0.2486012675299196E-01         0.7879688133868067E-05         0.0000000000000000E+00
       -0.1340000000000000E+01         0.2746424561873748E-01         0.8703921744121748E-05         0.0000000000000000E+00
       -0.1335000000000000E+01         0.3017928704283519E-01         0.9561440622357852E-05         0.0000000000000000E+00
       -0.1330000000000000E+01         0.3361779093798942E-01         0.1064829989331774E-04         0.0000000000000000E+00
       -0.1325000000000000E+01         0.3667389798191575E-01         0.1161262072498408E-04         0.0000000000000000E+00
       -0.1320000000000000E+01         0.4035492193383651E-01         0.1277573966050007E-04         0.0000000000000000E+00
       -0.1315000000000000E+01         0.4389957995610682E-01         0.1389703709673870E-04         0.0000000000000000E+00
       -0.1310000000000000E+01         0.4809971414257488E-01         0.1522429576326734E-04         0.0000000000000000E+00
       -0.1305000000000000E+01         0.5224989833403795E-01         0.1653568194515599E-04         0.0000000000000000E+00
       -0.1300000000000000E+01         0.5667989832506572E-01         0.1793553243543714E-04         0.0000000000000000E+00
       -0.1295000000000000E+01         0.6123300333850522E-01         0.1937430794443096E-04         0.0000000000000000E+00
       -0.1290000000000000E+01         0.6600809869432903E-01         0.2088349479015723E-04         0.0000000000000000E+00
       -0.1285000000000000E+01         0.7075400439740048E-01         0.2238461169845536E-04         0.0000000000000000E+00
       -0.1280000000000000E+01         0.7603752539682616E-01         0.2405452570540119E-04         0.0000000000000000E+00
       -0.1275000000000000E+01         0.8113490940676370E-01         0.2566537071966904E-04         0.0000000000000000E+00
       -0.1270000000000000E+01         0.8645518835968949E-01         0.2734762558311833E-04         0.0000000000000000E+00
       -0.1265000000000000E+01         0.9197400253581733E-01         0.2909243231295798E-04         0.0000000000000000E+00
       -0.1260000000000000E+01         0.9730578070634321E-01         0.3077749864805733E-04         0.0000000000000000E+00
       -0.1255000000000000E+01         0.1032742285180633E+00         0.3266365575504976E-04         0.4822530864197531E-04
       -0.1250000000000000E+01         0.1086710066386864E+00         0.3436907647900954E-04         0.4822530864197531E-04
       -0.1245000000000000E+01         0.1142640241349402E+00         0.3613753395124582E-04         0.0000000000000000E+00
       -0.1240000000000000E+01         0.1198316305515592E+00         0.3789744988322487E-04         0.4822530864197531E-04
       -0.1235000000000000E+01         0.1252143357713905E+00         0.3959850763730560E-04         0.0000000000000000E+00
       -0.1230000000000000E+01         0.1309434217436208E+00         0.4140978575836733E-04         0.4822530864197531E-04
       -0.1225000000000000E+01         0.1364485644801436E+00         0.4315017129590779E-04         0.4822530864197531E-04
       -0.1220000000000000E+01         0.1417611631531661E+00         0.4482933887969843E-04         0.0000000000000000E+00
       -0.1215000000000000E+01         0.1471505271830954E+00         0.4653325886684284E-04         0.4822530864197531E-04
       -0.1210000000000000E+01         0.1522426790320978E+00         0.4814278164547662E-04         0.4822530864197531E-04
       -0.1205000000000000E+01         0.1576219083842212E+00         0.4984317499120865E-04         0.9645061728395061E-04
       -0.1200000000000000E+01         0.1625579555613341E+00         0.5140373550771049E-04         0.4822530864197531E-04
       -0.1195000000000000E+01         0.1675674621929066E+00         0.5298740925560120E-04         0.9645061728395061E-04
       -0.1190000000000000E+01         0.1724473951395197E+00         0.5453016988998080E-04         0.9645061728395061E-04
       -0.1185000000000000E+01         0.1772281367187373E+00         0.5604145451756168E-04         0.0000000000000000E+00
       -0.1180000000000000E+01         0.1819982490744806E+00         0.5754938813361439E-04         0.9645061728395061E-04
       -0.1175000000000000E+01         0.1866397727712079E+00         0.5901684694904728E-04         0.4822530864197531E-04
       -0.1170000000000000E+01         0.1912533905100776E+00         0.6047539143114004E-04         0.2411265432098765E-03
       -0.1165000000000000E+01         0.1958279357123453E+00         0.6192143795051096E-04         0.9645061728395061E-04
       -0.1160000000000000E+01         0.2004681357257559E+00         0.6338865629286220E-04         0.9645061728395061E-04
       -0.1155000000000000E+01         0.2046986442436772E+00         0.6472633540375195E-04         0.0000000000000000E+00
       -0.1150000000000000E+01         0.2090849138860688E+00         0.6611288354833102E-04         0.4822530864197531E-04
       -0.1145000000000000E+01         0.2137363360627090E+00         0.6758329768194450E-04         0.1446759259259259E-03
       -0.1140000000000000E+01         0.2184521321189072E+00         0.6907440590873505E-04         0.1446759259259259E-03
       -0.1135000000000000E+01         0.2226679804675770E+00         0.7040723816591893E-04         0.1929012345679012E-03
       -0.1130000000000000E+01         0.2286964179145017E+00         0.7231421249082227E-04         0.9645061728395061E-04
       -0.1125000000000000E+01         0.2331286446558855E+00         0.7371514461482296E-04         0.4822530864197531E-04
       -0.1120000000000000E+01         0.2369067294487947E+00         0.7490875870224981E-04         0.0000000000000000E+00
       -0.1115000000000000E+01         0.2439506582293555E+00         0.7713775478666926E-04         0.9645061728395061E-04
       -0.1110000000000000E+01         0.2518053345706239E+00         0.7961968637816977E-04         0.1929012345679012E-03
       -0.1105000000000000E+01         0.2602192120423149E+00         0.8228337112370052E-04         0.9645061728395061E-04
       -0.1100000000000000E+01         0.2723655064006021E+00         0.8612107817290790E-04         0.9645061728395061E-04
       -0.1095000000000000E+01         0.2776250584064756E+00         0.8778414335251946E-04         0.1446759259259259E-03
       -0.1090000000000000E+01         0.2928596415039664E+00         0.9260227179598553E-04         0.4822530864197531E-04
       -0.1085000000000000E+01         0.2987898943108254E+00         0.9447458502541996E-04         0.0000000000000000E+00
       -0.1080000000000000E+01         0.2958133619551221E+00         0.9353367562880838E-04         0.9645061728395061E-04
       -0.1075000000000000E+01         0.2998166100501677E+00         0.9479821476019712E-04         0.1446759259259259E-03
       -0.1070000000000000E+01         0.3067405238977069E+00         0.9698697028726863E-04         0.1929012345679012E-03
       -0.1065000000000000E+01         0.3108009874673550E+00         0.9827173232391603E-04         0.4822530864197531E-04
       -0.1060000000000000E+01         0.3058131828590752E+00         0.9669372527480006E-04         0.9645061728395061E-04
       -0.1055000000000000E+01         0.3124831705167292E+00         0.9880241070247327E-04         0.1446759259259259E-03
       -0.1050000000000000E+01         0.3171403933582986E+00         0.1002747883566665E-03         0.4822530864197531E-04
       -0.1045000000000000E+01         0.3176697618817507E+00         0.1004423540835318E-03         0.1446759259259259E-03
       -0.1040000000000000E+01         0.3196004283264155E+00         0.1010525369874738E-03         0.4822530864197531E-04
       -0.1035000000000000E+01         0.3199142272967717E+00         0.1011516638389086E-03         0.9645061728395061E-04
       -0.1030000000000000E+01         0.3203097231628934E+00         0.1012765945882621E-03         0.1929012345679012E-03
       -0.1025000000000000E+01         0.3246098535922554E+00         0.1026362697931773E-03         0.4822530864197531E-04
       -0.1020000000000000E+01         0.3195413648629931E+00         0.1010336293654941E-03         0.1446759259259259E-03
       -0.1015000000000000E+01         0.3256958845021708E+00         0.1029795598252150E-03         0.0000000000000000E+00
       -0.1010000000000000E+01         0.3206659234600280E+00         0.1013891467639887E-03         0.1446759259259259E-03
       -0.1005000000000000E+01         0.3301756360941262E+00         0.1043958165760215E-03         0.0000000000000000E+00
       -0.9999999999999999E+00         0.3306292151141618E+00         0.1045392115286708E-03         0.0000000000000000E+00
       -0.9949999999999999E+00         0.3309766227038424E+00         0.1046490452743231E-03         0.0000000000000000E+00
       -0.9899999999999999E+00         0.3312156878709081E+00         0.1047245921906432E-03         0.0000000000000000E+00
       -0.9849999999999999E+00         0.3314388615175722E+00         0.1047951478480663E-03         0.0000000000000000E+00
       -0.9800000000000000E+00         0.3316430454381261E+00         0.1048596875406050E-03         0.0000000000000000E+00
       -0.9749999999999999E+00         0.3319000814511955E+00         0.1049409391232697E-03         0.0000000000000000E+00
       -0.9700000000000000E+00         0.3320141705456894E+00         0.1049770038115443E-03         0.0000000000000000E+00
       -0.9649999999999999E+00         0.3321748921297330E+00         0.1050278177015865E-03         0.0000000000000000E+00
       -0.9600000000000000E+00         0.3323119861698430E+00         0.1050711477736077E-03         0.0000000000000000E+00
       -0.9549999999999998E+00         0.3324639817420277E+00         0.1051191936759492E-03         0.0000000000000000E+00
       -0.9500000000000000E+00         0.3325634529126362E+00         0.1051506385569275E-03         0.0000000000000000E+00
       -0.9449999999999998E+00         0.3326193509828566E+00         0.1051683164359485E-03         0.0000000000000000E+00
       -0.9399999999999999E+00         0.3327225416554079E+00         0.1052009339298319E-03         0.0000000000000000E+00
       -0.9349999999999998E+00         0.3327520506512996E+00         0.1052102579571588E-03         0.0000000000000000E+00
       -0.9299999999999999E+00         0.3328491322098784E+00         0.1052409540658860E-03         0.0000000000000000E+00
       -0.9249999999999998E+00         0.3329136487832879E+00         0.1052613405106503E-03         0.0000000000000000E+00
       -0.9199999999999999E+00         0.3329510340949429E+00         0.1052731590296795E-03         0.0000000000000000E+00
       -0.9149999999999999E+00         0.3330002926114290E+00         0.1052887312363853E-03         0.0000000000000000E+00
       -0.9099999999999999E+00         0.3330217436943534E+00         0.1052955137925599E-03         0.0000000000000000E+00
       -0.9049999999999999E+00         0.3330536058873477E+00         0.1053055846186706E-03         0.0000000000000000E+00
       -0.8999999999999999E+00         0.3330905456405982E+00         0.1053172632558398E-03         0.0000000000000000E+00
       -0.8949999999999999E+00         0.3331204468094831E+00         0.1053267146927454E-03         0.0000000000000000E+00
       -0.8899999999999999E+00         0.3331548900786082E+00         0.1053376029400144E-03         0.1446759259259259E-03
       -0.8849999999999999E+00         0.3331655729623779E+00         0.1053409797997352E-03         0.0000000000000000E+00
       -0.8799999999999999E+00         0.3331937751875669E+00         0.1053498940733863E-03         0.0000000000000000E+00
       -0.8749999999999999E+00         0.3331932032981565E+00         0.1053497142419878E-03         0.0000000000000000E+00
       -0.8699999999999999E+00         0.3332228287292218E+00         0.1053590783566455E-03         0.0000000000000000E+00
       -0.8649999999999999E+00         0.3332286255023689E+00         0.1053609112295945E-03         0.0000000000000000E+00
       -0.8599999999999999E+00         0.3332484430351094E+00         0.1053671750057592E-03         0.0000000000000000E+00
       -0.8549999999999999E+00         0.3332539076757666E+00         0.1053689035615938E-03         0.0000000000000000E+00
       -0.8499999999999999E+00         0.3332609272352499E+00         0.1053711216295788E-03         0.0000000000000000E+00
       -0.8449999999999999E+00         0.3332702579924187E+00         0.1053740716889460E-03         0.0000000000000000E+00
       -0.8399999999999999E+00         0.3332847341483784E+00         0.1053786478320228E-03         0.0000000000000000E+00
       -0.8349999999999999E+00         0.3332867416568582E+00         0.1053792824697306E-03         0.0000000000000000E+00
       -0.8299999999999998E+00         0.3332966683485739E+00         0.1053824205220727E-03         0.0000000000000000E+00
       -0.8249999999999998E+00         0.3332997752348373E+00         0.1053834025496043E-03         0.0000000000000000E+00
       -0.8200000000000000E+00         0.3332994181602202E+00         0.1053832896252737E-03         0.1446759259259259E-03
       -0.8149999999999999E+00         0.3333063293285106E+00         0.1053854743472093E-03         0.0000000000000000E+00
       -0.8099999999999999E+00         0.3333064116925070E+00         0.1053855005580716E-03         0.0000000000000000E+00
       -0.8049999999999999E+00         0.3333148336245351E+00         0.1053881629521258E-03         0.0000000000000000E+00
       -0.7999999999999999E+00         0.3333183737862182E+00         0.1053892818510339E-03         0.0000000000000000E+00
       -0.7949999999999999E+00         0.3333188587688086E+00         0.1053894353395071E-03         0.0000000000000000E+00
       -0.7899999999999999E+00         0.3333219918124768E+00         0.1053904257699523E-03         0.0000000000000000E+00
       -0.7849999999999999E+00         0.3333263655244237E+00         0.1053918086536762E-03         0.0000000000000000E+00
       -0.7799999999999999E+00         0.3333260852437804E+00         0.1053917201504953E-03         0.0000000000000000E+00
       -0.7749999999999999E+00         0.3333282361984264E+00         0.1053923999933181E-03         0.0000000000000000E+00
       -0.7699999999999999E+00         0.3333331324652978E+00         0.1053939479636925E-03         0.0000000000000000E+00
       -0.7649999999999999E+00         0.3333368042097223E+00         0.1053951089512988E-03         0.0000000000000000E+00
       -0.7599999999999999E+00         0.3333324100550691E+00         0.1053937200163443E-03         0.0000000000000000E+00
       -0.7549999999999999E+00         0.3333369624562343E+00         0.1053951591254530E-03         0.0000000000000000E+00
       -0.7499999999999999E+00         0.3333402187203763E+00         0.1053961884592884E-03         0.0000000000000000E+00
       -0.7449999999999999E+00         0.3333399912175055E+00         0.1053961169072229E-03         0.0000000000000000E+00
       -0.7399999999999999E+00         0.3333429997530843E+00         0.1053970681050701E-03         0.0000000000000000E+00
       -0.7349999999999999E+00         0.3333433367032821E+00         0.1053971748157232E-03         0.0000000000000000E+00
       -0.7299999999999999E+00         0.3333500555538834E+00         0.1053992992386319E-03         0.0000000000000000E+00
       -0.7249999999999999E+00         0.3333529393643588E+00         0.1054002118587078E-03         0.0000000000000000E+00
       -0.7199999999999999E+00         0.3333547742166059E+00         0.1054007915394613E-03         0.0000000000000000E+00
       -0.7149999999999999E+00         0.3333576133222248E+00         0.1054016895403658E-03         0.1446759259259259E-03
       -0.7099999999999999E+00         0.3333585754893739E+00         0.1054019935026456E-03         0.0000000000000000E+00
       -0.7049999999999998E+00         0.3333699543800184E+00         0.1054055921683296E-03         0.0000000000000000E+00
       -0.6999999999999998E+00         0.3333765375680176E+00         0.1054076738161426E-03         0.0000000000000000E+00
       -0.6950000000000000E+00         0.3333744938760922E+00         0.1054070278252236E-03         0.0000000000000000E+00
       -0.6899999999999999E+00         0.3333821468411834E+00         0.1054094482150175E-03         0.1446759259259259E-03
       -0.6849999999999999E+00         0.3333903209578429E+00         0.1054120335704359E-03         0.0000000000000000E+00
       -0.6799999999999999E+00         0.3334093021046716E+00         0.1054180355732251E-03         0.0000000000000000E+00
       -0.6749999999999999E+00         0.3334097871017296E+00         0.1054181890873626E-03         0.0000000000000000E+00
       -0.6699999999999999E+00         0.3334285082225427E+00         0.1054241094650629E-03         0.0000000000000000E+00
       -0.6649999999999999E+00         0.3334333752359449E+00         0.1054256483648072E-03         0.0000000000000000E+00
       -0.6599999999999999E+00         0.3334530780117524E+00         0.1054318798544155E-03         0.0000000000000000E+00
       -0.6549999999999999E+00         0.3334589298196163E+00         0.1054337304951633E-03         0.0000000000000000E+00
       -0.6499999999999999E+00         0.3334778655960792E+00         0.1054397185745384E-03         0.1446759259259259E-03
       -0.6449999999999999E+00         0.3335010261261705E+00         0.1054470429898213E-03         0.2893518518518518E-03
       -0.6399999999999999E+00         0.3335089516751465E+00         0.1054495494862646E-03         0.4340277777777778E-03
       -0.6349999999999999E+00         0.3335349894040242E+00         0.1054577842755528E-03         0.0000000000000000E+00
       -0.6299999999999999E+00         0.3335667059083757E+00         0.1054678146123554E-03         0.5787037037037037E-03
       -0.6249999999999999E+00         0.3335922620111442E+00         0.1054758967776063E-03         0.1446759259259259E-03
       -0.6199999999999999E+00         0.3336308244204824E+00         0.1054880937315882E-03         0.1446759259259259E-03
       -0.6149999999999999E+00         0.3336715094713907E+00         0.1055009595171828E-03         0.4340277777777778E-03
       -0.6099999999999999E+00         0.3337057834552318E+00         0.1055117982892611E-03         0.1446759259259259E-03
       -0.6049999999999999E+00         0.3337606923039076E+00         0.1055291611272987E-03         0.7233796296296296E-03
       -0.5999999999999999E+00         0.3338072497500621E+00         0.1055438850820646E-03         0.1446759259259259E-03
       -0.5949999999999999E+00         0.3338610687984996E+00         0.1055609096820490E-03         0.8680555555555555E-03
       -0.5899999999999999E+00         0.3339042729897810E+00         0.1055745672027021E-03         0.7233796296296296E-03
       -0.5849999999999999E+00         0.3340448164363748E+00         0.1056190181486947E-03         0.1157407407407407E-02
       -0.5799999999999998E+00         0.3341105726508640E+00         0.1056398164649068E-03         0.7233796296296296E-03
       -0.5749999999999998E+00         0.3341918758111365E+00         0.1056655280385367E-03         0.4340277777777778E-03
       -0.5699999999999998E+00         0.3343061874750525E+00         0.1057016700136084E-03         0.1302083333333333E-02
       -0.5649999999999999E+00         0.3344216713755412E+00         0.1057381978474047E-03         0.5787037037037037E-03
       -0.5599999999999999E+00         0.3345731334408348E+00         0.1057860972241095E-03         0.1302083333333333E-02
       -0.5549999999999999E+00         0.3346519565232303E+00         0.1058110202232468E-03         0.2170138888888889E-02
       -0.5499999999999999E+00         0.3349349813647194E+00         0.1059005313864340E-03         0.2314814814814815E-02
       -0.5449999999999999E+00         0.3350974217709291E+00         0.1059519018282896E-03         0.1591435185185185E-02
       -0.5399999999999999E+00         0.3353241933194325E+00         0.1060236164155468E-03         0.1736111111111111E-02
       -0.5349999999999999E+00         0.3356692224660638E+00         0.1061327443315779E-03         0.2459490740740741E-02
       -0.5299999999999999E+00         0.3358835625921993E+00         0.1062005136648861E-03         0.2170138888888889E-02
       -0.5249999999999999E+00         0.3361643477493060E+00         0.1062893181897376E-03         0.2459490740740741E-02
       -0.5199999999999999E+00         0.3366184847843321E+00         0.1064329364833643E-03         0.3182870370370370E-02
       -0.5149999999999999E+00         0.3369706365430983E+00         0.1065443030638566E-03         0.4340277777777778E-02
       -0.5099999999999999E+00         0.3374230087490186E+00         0.1066873929955610E-03         0.4774305555555556E-02
       -0.5049999999999999E+00         0.3379716817844290E+00         0.1068608746401114E-03         0.2604166666666667E-02
       -0.4999999999999999E+00         0.3386066119148018E+00         0.1070616888750789E-03         0.5353009259259260E-02
       -0.4949999999999999E+00         0.3392250992661475E+00         0.1072572837739141E-03         0.6655092592592593E-02
       -0.4899999999999999E+00         0.3399373561393663E+00         0.1074825137065865E-03         0.7282021604938272E-02
       -0.4849999999999999E+00         0.3407209240442270E+00         0.1077303071489412E-03         0.7523148148148148E-02
       -0.4799999999999999E+00         0.3418373045026122E+00         0.1080833464909828E-03         0.7860725308641976E-02
       -0.4749999999999999E+00         0.3428560879076782E+00         0.1084055594616305E-03         0.8391203703703705E-02
       -0.4699999999999999E+00         0.3439616509047609E+00         0.1087552017131420E-03         0.1046489197530864E-01
       -0.4649999999999999E+00         0.3452166097347047E+00         0.1091520138040766E-03         0.1085069444444444E-01
       -0.4599999999999999E+00         0.3467151059100866E+00         0.1096259166128080E-03         0.1533564814814815E-01
       -0.4549999999999998E+00         0.3484036462215567E+00         0.1101599446353426E-03         0.1504629629629630E-01
       -0.4499999999999998E+00         0.3502352243370100E+00         0.1107391150363516E-03         0.1707175925925926E-01
       -0.4449999999999998E+00         0.3523790006851323E+00         0.1114170925121549E-03         0.1721643518518519E-01
       -0.4399999999999999E+00         0.3543694943228886E+00         0.1120465054250012E-03         0.2228009259259259E-01
       -0.4349999999999999E+00         0.3570168966623150E+00         0.1128836599335640E-03         0.1924189814814815E-01
       -0.4299999999999999E+00         0.3597592325859981E+00         0.1137509646480926E-03         0.2821180555555556E-01
       -0.4249999999999999E+00         0.3631360852865072E+00         0.1148188061570354E-03         0.3043016975308642E-01
       -0.4199999999999999E+00         0.3664098581217456E+00         0.1158540038659761E-03         0.3578317901234568E-01
       -0.4149999999999999E+00         0.3704398569230282E+00         0.1171285844993080E-03         0.3862847222222222E-01
       -0.4099999999999999E+00         0.3741916659951852E+00         0.1183148689891856E-03         0.4084683641975308E-01
       -0.4049999999999999E+00         0.3783033597969788E+00         0.1196148750450390E-03         0.4644097222222222E-01
       -0.3999999999999999E+00         0.3835600014443471E+00         0.1212772450250696E-03         0.4841820987654321E-01
       -0.3949999999999998E+00         0.3888839943725959E+00         0.1229605865572345E-03         0.5642361111111111E-01
       -0.3899999999999999E+00         0.3939352406556658E+00         0.1245579390856974E-03         0.5960648148148148E-01
       -0.3849999999999998E+00         0.4005578781444437E+00         0.1266517555620709E-03         0.6602044753086420E-01
       -0.3799999999999999E+00         0.4066415555019324E+00         0.1285761775004887E-03         0.7523148148148148E-01
       -0.3750000000000000E+00         0.4138930567588425E+00         0.1308684357566683E-03         0.8569637345679013E-01
       -0.3699999999999999E+00         0.4202660812228132E+00         0.1328834492766925E-03         0.8714313271604938E-01
       -0.3650000000000000E+00         0.4268976879959951E+00         0.1349802849698476E-03         0.9481095679012345E-01
       -0.3599999999999999E+00         0.4341471720656069E+00         0.1372724755658304E-03         0.1030092592592593E+00
       -0.3550000000000000E+00         0.4414253453684608E+00         0.1395733868523469E-03         0.1023341049382716E+00
       -0.3499999999999999E+00         0.4484306265834420E+00         0.1417885138439558E-03         0.1127989969135803E+00
       -0.3450000000000000E+00         0.4542544433187686E+00         0.1436292224086962E-03         0.1226369598765432E+00
       -0.3399999999999999E+00         0.4599405628745780E+00         0.1454271784783661E-03         0.1306905864197531E+00
       -0.3350000000000000E+00         0.4652124688144013E+00         0.1470938983313297E-03         0.1317515432098765E+00
       -0.3299999999999998E+00         0.4703867297697761E+00         0.1487298883804756E-03         0.1370563271604938E+00
       -0.3250000000000000E+00         0.4755633899002582E+00         0.1503665375569130E-03         0.1437114197530864E+00
       -0.3199999999999998E+00         0.4806000740609417E+00         0.1519590978697093E-03         0.1482928240740741E+00
       -0.3149999999999999E+00         0.4855803992139509E+00         0.1535335660452289E-03         0.1471836419753086E+00
       -0.3099999999999998E+00         0.4904288109108226E+00         0.1550667365324795E-03         0.1594328703703704E+00
       -0.3049999999999999E+00         0.4952809904458593E+00         0.1566008728435718E-03         0.1629533179012346E+00
       -0.2999999999999998E+00         0.5000698053026260E+00         0.1581149986700997E-03         0.1695119598765432E+00
       -0.2949999999999999E+00         0.5047244044320734E+00         0.1595865290810999E-03         0.1711998456790123E+00
       -0.2899999999999998E+00         0.5098323077696627E+00         0.1612016980740062E-03         0.1753472222222222E+00
       -0.2849999999999999E+00         0.5146631814329874E+00         0.1627290217808916E-03         0.1839795524691358E+00
       -0.2799999999999998E+00         0.5194325127558228E+00         0.1642370636860110E-03         0.1839795524691358E+00
       -0.2749999999999999E+00         0.5246780628678418E+00         0.1658956651526191E-03         0.1974344135802469E+00
       -0.2699999999999998E+00         0.5299907328950240E+00         0.1675753839913372E-03         0.1964699074074074E+00
       -0.2649999999999999E+00         0.5346616241090690E+00         0.1690523434150211E-03         0.2027874228395062E+00
       -0.2599999999999998E+00         0.5400969376425053E+00         0.1707707356217625E-03         0.2066936728395062E+00
       -0.2549999999999999E+00         0.5466334900125770E+00         0.1728374744522282E-03         0.2154224537037037E+00
       -0.2499999999999998E+00         0.5520807787907648E+00         0.1745600003197590E-03         0.2205825617283950E+00
       -0.2449999999999999E+00         0.5583476032653555E+00         0.1765416668369475E-03         0.2265142746913580E+00
       -0.2400000000000000E+00         0.5662175202445674E+00         0.1790298340609465E-03         0.2336033950617284E+00
       -0.2349999999999999E+00         0.5721317573556900E+00         0.1809000495902677E-03         0.2359182098765432E+00
       -0.2300000000000000E+00         0.5791376496672536E+00         0.1831148939958071E-03         0.2476369598765432E+00
       -0.2249999999999999E+00         0.5857588702290898E+00         0.1852084756871823E-03         0.2494212962962963E+00
       -0.2200000000000000E+00         0.5912548068901443E+00         0.1869466002620105E-03         0.2592110339506173E+00
       -0.2149999999999999E+00         0.5992584415064476E+00         0.1894766252566803E-03         0.2658179012345679E+00
       -0.2100000000000000E+00         0.6058205220713042E+00         0.1915514444404494E-03         0.2737750771604938E+00
       -0.2049999999999998E+00         0.6113398939296680E+00         0.1932962412923175E-03         0.2761863425925926E+00
       -0.2000000000000000E+00         0.6163394752873488E+00         0.1948772226064318E-03         0.2847704475308642E+00
       -0.1949999999999998E+00         0.6208565441788132E+00         0.1963050218767470E-03         0.2902681327160494E+00
       -0.1899999999999999E+00         0.6261972240122220E+00         0.1979936402162527E-03         0.2901716820987654E+00
       -0.1849999999999998E+00         0.6303217820922430E+00         0.1992977514508778E-03         0.2990933641975309E+00
       -0.1799999999999999E+00         0.6325055362720158E+00         0.1999879250169626E-03         0.2977912808641975E+00
       -0.1749999999999998E+00         0.6371904083585055E+00         0.2014690094741984E-03         0.3014081790123457E+00
       -0.1699999999999999E+00         0.6400142837994975E+00         0.2023619248345634E-03         0.3091242283950617E+00
       -0.1649999999999998E+00         0.6430938529938554E+00         0.2033354786772242E-03         0.3076774691358025E+00
       -0.1599999999999999E+00         0.6451914421938189E+00         0.2039985890328331E-03         0.3130304783950617E+00
       -0.1549999999999998E+00         0.6478009966058957E+00         0.2048236049999239E-03         0.3184799382716049E+00
       -0.1499999999999999E+00         0.6494450131370959E+00         0.2053433803044290E-03         0.3168402777777778E+00
       -0.1449999999999998E+00         0.6515748863037382E+00         0.2060167372510370E-03         0.3192997685185185E+00
       -0.1399999999999999E+00         0.6532616490401545E+00         0.2065500253099654E-03         0.3207465277777778E+00
       -0.1349999999999998E+00         0.6547796645133530E+00         0.2070299602462574E-03         0.3197337962962963E+00
       -0.1299999999999999E+00         0.6560770302111627E+00         0.2074401225563811E-03         0.3223379629629630E+00
       -0.1249999999999998E+00         0.6571795801298429E+00         0.2077887072569518E-03         0.3249903549382716E+00
       -0.1199999999999999E+00         0.6583306220575628E+00         0.2081525986880472E-03         0.3247974537037037E+00
       -0.1150000000000000E+00         0.6592515978913911E+00         0.2084437501153485E-03         0.3276909722222222E+00
       -0.1099999999999999E+00         0.6600217396257195E+00         0.2086872425480031E-03         0.3263888888888889E+00
       -0.1050000000000000E+00         0.6607906323584367E+00         0.2089303176648424E-03         0.3266782407407408E+00
       -0.9999999999999987E-01         0.6614622807577071E+00         0.2091426582040586E-03         0.3292824074074074E+00
       -0.9499999999999997E-01         0.6619910220966154E+00         0.2093098284323877E-03         0.3292824074074074E+00
       -0.8999999999999986E-01         0.6625554311836930E+00         0.2094882693686322E-03         0.3295717592592592E+00
       -0.8499999999999996E-01         0.6629942117243056E+00         0.2096269816367240E-03         0.3291377314814815E+00
       -0.7999999999999985E-01         0.6633946256165559E+00         0.2097535666160843E-03         0.3292824074074074E+00
       -0.7499999999999996E-01         0.6637959233773522E+00         0.2098804390093170E-03         0.3304398148148148E+00
       -0.6999999999999984E-01         0.6640720425482356E+00         0.2099677380240135E-03         0.3289930555555556E+00
       -0.6499999999999995E-01         0.6643998522232093E+00         0.2100713743057876E-03         0.3304398148148148E+00
       -0.5999999999999983E-01         0.6646479556706211E+00         0.2101498075075608E-03         0.3313078703703703E+00
       -0.5499999999999994E-01         0.6648821872733554E+00         0.2102238624925906E-03         0.3311631944444444E+00
       -0.4999999999999982E-01         0.6650711324078173E+00         0.2102835975593534E-03         0.3313078703703703E+00
       -0.4499999999999993E-01         0.6652930719400215E+00         0.2103537634615242E-03         0.3321759259259259E+00
       -0.3999999999999981E-01         0.6654526245282328E+00         0.2104041999974109E-03         0.3321759259259259E+00
       -0.3499999999999992E-01         0.6655796210143760E+00         0.2104443540008038E-03         0.3313078703703703E+00
       -0.2999999999999980E-01         0.6656991023971037E+00         0.2104821288882555E-03         0.3323206018518519E+00
       -0.2499999999999991E-01         0.6658023586223104E+00         0.2105147729623747E-03         0.3331886574074074E+00
       -0.1999999999999980E-01         0.6658939694204411E+00         0.2105437328948770E-03         0.3324652777777778E+00
       -0.1499999999999990E-01         0.6660027491694011E+00         0.2105781260768285E-03         0.3330439814814815E+00
       -0.9999999999999787E-02         0.6660516889648542E+00         0.2105935970649761E-03         0.3331886574074074E+00
       -0.4999999999999893E-02         0.6661327234764267E+00         0.2106192152181393E-03         0.3330439814814815E+00
        0.2220446049250313E-15         0.6662201688235849E+00         0.2106468609578806E-03         0.3326099537037037E+00
        0.5000000000000115E-02         0.6662535747808925E+00         0.2106574225461887E-03         0.3331886574074074E+00
        0.1000000000000001E-01         0.6663022643738244E+00         0.2106728171282327E-03         0.3330439814814815E+00
        0.1500000000000012E-01         0.6663407700268026E+00         0.2106849890653731E-03         0.3331886574074074E+00
        0.2000000000000002E-01         0.6663642846222522E+00         0.2106924238478108E-03         0.3331886574074074E+00
        0.2500000000000013E-01         0.6664136787434700E+00         0.2107080393042568E-03         0.3331886574074074E+00
        0.3000000000000003E-01         0.6664252170380338E+00         0.2107116872472169E-03         0.3330439814814815E+00
        0.3500000000000014E-01         0.6664642322251045E+00         0.2107240218639690E-03         0.3331886574074074E+00
        0.4000000000000004E-01         0.6664934858246098E+00         0.2107332706442653E-03         0.3328993055555556E+00
        0.4500000000000015E-01         0.6664957988886145E+00         0.2107340011337761E-03         0.3331886574074074E+00
        0.5000000000000004E-01         0.6665316675482221E+00         0.2107453415347281E-03         0.3333333333333333E+00
        0.5500000000000016E-01         0.6665355369199417E+00         0.2107465647243857E-03         0.3333333333333333E+00
        0.6000000000000005E-01         0.6665641193389584E+00         0.2107556007061543E-03         0.3333333333333333E+00
        0.6500000000000017E-01         0.6665629043651216E+00         0.2107552168760707E-03         0.3329957561728395E+00
        0.7000000000000006E-01         0.6665719018757960E+00         0.2107580614085374E-03         0.3330439814814815E+00
        0.7500000000000018E-01         0.6665816294355871E+00         0.2107611363644374E-03         0.3330439814814815E+00
        0.8000000000000007E-01         0.6665976268442882E+00         0.2107661940635162E-03         0.3333333333333333E+00
        0.8500000000000019E-01         0.6666097532174968E+00         0.2107700278140668E-03         0.3333333333333333E+00
        0.9000000000000008E-01         0.6666221002359380E+00         0.2107739314324501E-03         0.3333333333333333E+00
        0.9500000000000020E-01         0.6666293239331325E+00         0.2107762150722308E-03         0.3333333333333333E+00
        0.1000000000000001E+00         0.6666277683777324E+00         0.2107757232273748E-03         0.3333333333333333E+00
        0.1050000000000002E+00         0.6666287738319142E+00         0.2107760411196798E-03         0.3333333333333333E+00
        0.1100000000000001E+00         0.6666398371843959E+00         0.2107795391459869E-03         0.3333333333333333E+00
        0.1150000000000002E+00         0.6666382889640646E+00         0.2107790493753569E-03         0.3333333333333333E+00
        0.1200000000000001E+00         0.6666448414952382E+00         0.2107811210972587E-03         0.3333333333333333E+00
        0.1250000000000002E+00         0.6666497139918574E+00         0.2107826615080417E-03         0.3333333333333333E+00
        0.1300000000000001E+00         0.6666507184911781E+00         0.2107829790409548E-03         0.3333333333333333E+00
        0.1350000000000002E+00         0.6666598350122572E+00         0.2107858614404118E-03         0.3333333333333333E+00
        0.1400000000000001E+00         0.6666552801516017E+00         0.2107844213902521E-03         0.3331886574074074E+00
        0.1450000000000000E+00         0.6666587324371359E+00         0.2107855128634433E-03         0.3333333333333333E+00
        0.1500000000000001E+00         0.6666581440257365E+00         0.2107853267350692E-03         0.3333333333333333E+00
        0.1550000000000000E+00         0.6666666217158609E+00         0.2107880072261038E-03         0.3333333333333333E+00
        0.1600000000000001E+00         0.6666670214409367E+00         0.2107881335390235E-03         0.3333333333333333E+00
        0.1650000000000000E+00         0.6666653162906443E+00         0.2107875947350462E-03         0.3333333333333333E+00
        0.1700000000000002E+00         0.6666661232639433E+00         0.2107878495595961E-03         0.3333333333333333E+00
        0.1750000000000000E+00         0.6666632519245312E+00         0.2107869418666775E-03         0.3333333333333333E+00
        0.1800000000000002E+00         0.6666754395245857E+00         0.2107907954146584E-03         0.3333333333333333E+00
        0.1850000000000001E+00         0.6666738406676854E+00         0.2107902896520306E-03         0.3333333333333333E+00
        0.1900000000000002E+00         0.6666792708899434E+00         0.2107920066813276E-03         0.3333333333333333E+00
        0.1950000000000001E+00         0.6666781141915635E+00         0.2107916409142652E-03         0.3333333333333333E+00
        0.2000000000000002E+00         0.6666808628313350E+00         0.2107925101654794E-03         0.3333333333333333E+00
        0.2050000000000001E+00         0.6666855872087560E+00         0.2107940040827498E-03         0.3333333333333333E+00
        0.2100000000000002E+00         0.6666888586204659E+00         0.2107950384077193E-03         0.3336226851851852E+00
        0.2150000000000001E+00         0.6666926041496053E+00         0.2107962229393523E-03         0.3333333333333333E+00
        0.2200000000000002E+00         0.6666958283246301E+00         0.2107972423592575E-03         0.3333333333333333E+00
        0.2250000000000001E+00         0.6667079419374233E+00         0.2108010727750098E-03         0.3333333333333333E+00
        0.2300000000000002E+00         0.6666969674882893E+00         0.2107976027438640E-03         0.3336226851851852E+00
        0.2350000000000001E+00         0.6667123298131420E+00         0.2108024604622551E-03         0.3333333333333333E+00
        0.2400000000000002E+00         0.6667131880885192E+00         0.2108027317806622E-03         0.3333333333333333E+00
        0.2450000000000001E+00         0.6667327770622548E+00         0.2108089261342019E-03         0.3333333333333333E+00
        0.2500000000000002E+00         0.6667404584127596E+00         0.2108113550777849E-03         0.3336226851851852E+00
        0.2550000000000001E+00         0.6667465476337944E+00         0.2108132806523090E-03         0.3333333333333333E+00
        0.2600000000000002E+00         0.6667607481676752E+00         0.2108177710201841E-03         0.3339120370370370E+00
        0.2650000000000001E+00         0.6667765752060230E+00         0.2108227755923250E-03         0.3336226851851852E+00
        0.2700000000000000E+00         0.6667703831204155E+00         0.2108208176420422E-03         0.3336226851851852E+00
        0.2750000000000001E+00         0.6667955106207962E+00         0.2108287635549919E-03         0.3336226851851852E+00
        0.2800000000000000E+00         0.6668112921875050E+00         0.2108337541945848E-03         0.3336226851851852E+00
        0.2850000000000001E+00         0.6668382145083082E+00         0.2108422665288586E-03         0.3333333333333333E+00
        0.2900000000000000E+00         0.6668484987086686E+00         0.2108455193642234E-03         0.3339120370370370E+00
        0.2950000000000002E+00         0.6668611822866828E+00         0.2108495294829992E-03         0.3339120370370370E+00
        0.3000000000000000E+00         0.6668979092795377E+00         0.2108611438921428E-03         0.3342013888888889E+00
        0.3050000000000002E+00         0.6669130786645949E+00         0.2108659405122156E-03         0.3339120370370370E+00
        0.3100000000000001E+00         0.6669623244351334E+00         0.2108815128648045E-03         0.3339120370370370E+00
        0.3150000000000002E+00         0.6669922473054050E+00         0.2108909756214456E-03         0.3342013888888889E+00
        0.3200000000000001E+00         0.6670444933360600E+00         0.2109074956428652E-03         0.3348765432098765E+00
        0.3250000000000002E+00         0.6670979310187948E+00         0.2109243933491537E-03         0.3339120370370370E+00
        0.3300000000000001E+00         0.6671513498357909E+00         0.2109412851921326E-03         0.3344907407407408E+00
        0.3350000000000002E+00         0.6672483784285186E+00         0.2109719683142128E-03         0.3342013888888889E+00
        0.3400000000000001E+00         0.6673048127834077E+00         0.2109898109983821E-03         0.3339120370370370E+00
        0.3450000000000002E+00         0.6673637836108439E+00         0.2110084604273026E-03         0.3344907407407408E+00
        0.3500000000000001E+00         0.6674900926983286E+00         0.2110484014430690E-03         0.3353587962962963E+00
        0.3550000000000002E+00         0.6675636337210672E+00         0.2110716559528245E-03         0.3347800925925926E+00
        0.3600000000000001E+00         0.6676887097357587E+00         0.2111112079331191E-03         0.3347800925925926E+00
        0.3650000000000002E+00         0.6678322233064767E+00         0.2111565893377824E-03         0.3365162037037037E+00
        0.3700000000000001E+00         0.6679702897133877E+00         0.2112002499233727E-03         0.3350694444444444E+00
        0.3750000000000002E+00         0.6681838747614736E+00         0.2112677884537062E-03         0.3368055555555556E+00
        0.3800000000000001E+00         0.6683317828195995E+00         0.2113145601687727E-03         0.3365162037037037E+00
        0.3850000000000002E+00         0.6685583520967110E+00         0.2113862029394020E-03         0.3388310185185185E+00
        0.3900000000000001E+00         0.6686835840141647E+00         0.2114257995141406E-03         0.3356481481481481E+00
        0.3950000000000000E+00         0.6691033840155876E+00         0.2115585552886572E-03         0.3376736111111111E+00
        0.4000000000000001E+00         0.6694139350117315E+00         0.2116567484644701E-03         0.3373842592592592E+00
        0.4050000000000000E+00         0.6697573050728806E+00         0.2117653265185861E-03         0.3399884259259259E+00
        0.4100000000000001E+00         0.6700904697531058E+00         0.2118706898625659E-03         0.3405671296296297E+00
        0.4150000000000000E+00         0.6706450728515806E+00         0.2120460606247974E-03         0.3440393518518519E+00
        0.4200000000000002E+00         0.6710774422093855E+00         0.2121827830466326E-03         0.3425925925925926E+00
        0.4250000000000000E+00         0.6717227822490180E+00         0.2123868604387604E-03         0.3429301697530864E+00
        0.4300000000000002E+00         0.6724317016081029E+00         0.2126110027418723E-03         0.3449074074074074E+00
        0.4350000000000001E+00         0.6731231955927731E+00         0.2128297310356556E-03         0.3446180555555556E+00
        0.4400000000000002E+00         0.6739119964108837E+00         0.2130791227902115E-03         0.3486689814814815E+00
        0.4450000000000001E+00         0.6754396282025650E+00         0.2135621928613816E-03         0.3484278549382716E+00
        0.4500000000000002E+00         0.6765053628616164E+00         0.2138991966971449E-03         0.3524305555555556E+00
        0.4550000000000001E+00         0.6777533286511718E+00         0.2142938177376381E-03         0.3559027777777778E+00
        0.4600000000000002E+00         0.6792448767514382E+00         0.2147654766029316E-03         0.3600019290123457E+00
        0.4650000000000001E+00         0.6809582443173701E+00         0.2153074490315095E-03         0.3648726851851852E+00
        0.4700000000000002E+00         0.6831117030719315E+00         0.2159883632018676E-03         0.3703703703703703E+00
        0.4750000000000001E+00         0.6859530464799268E+00         0.2168868328109417E-03         0.3765432098765432E+00
        0.4800000000000002E+00         0.6898129159290093E+00         0.2181074964544323E-03         0.3797743055555556E+00
        0.4850000000000001E+00         0.6939805048641022E+00         0.2194253179857402E-03         0.3813657407407408E+00
        0.4900000000000002E+00         0.6991820407878144E+00         0.2210697959702021E-03         0.3984375000000000E+00
        0.4950000000000001E+00         0.7072608500493780E+00         0.2236248689126353E-03         0.4014274691358025E+00
        0.5000000000000002E+00         0.7167939333987318E+00         0.2266403101403603E-03         0.4260223765432099E+00
        0.5050000000000001E+00         0.7409190914173501E+00         0.2342668541661401E-03         0.4840374228395062E+00
        0.5100000000000002E+00         0.7478318965854447E+00         0.2364523085695056E-03         0.4995659722222222E+00
        0.5150000000000001E+00         0.7562664807969630E+00         0.2391194353571859E-03         0.5055941358024691E+00
        0.5200000000000000E+00         0.7616297692073934E+00         0.2408153458192691E-03         0.5253182870370371E+00
        0.5250000000000001E+00         0.7675060225404857E+00         0.2426731521017465E-03         0.5275366512345679E+00
        0.5300000000000000E+00         0.7715596960211137E+00         0.2439544966093797E-03         0.5440779320987654E+00
        0.5350000000000001E+00         0.7769698950894688E+00         0.2456650955006156E-03         0.5512635030864198E+00
        0.5400000000000000E+00         0.7820592982986997E+00         0.2472741420910730E-03         0.5623070987654321E+00
        0.5450000000000002E+00         0.7866635743284343E+00         0.2487299016084456E-03         0.5759548611111112E+00
        0.5500000000000000E+00         0.7907756623142161E+00         0.2500300193050449E-03         0.5845389660493827E+00
        0.5550000000000002E+00         0.7953763136915354E+00         0.2514847758998993E-03         0.5900366512345679E+00
        0.5600000000000001E+00         0.7996093507826991E+00         0.2528231462089818E-03         0.5951967592592593E+00
        0.5650000000000002E+00         0.8042658901173925E+00         0.2542954469971680E-03         0.6100019290123457E+00
        0.5700000000000001E+00         0.8086762301856177E+00         0.2556899045598931E-03         0.6047935956790124E+00
        0.5750000000000002E+00         0.8134538101621421E+00         0.2572004890670428E-03         0.6231192129629629E+00
        0.5800000000000001E+00         0.8180825891552828E+00         0.2586640672484498E-03         0.6274112654320988E+00
        0.5850000000000002E+00         0.8227427469213272E+00         0.2601374666940232E-03         0.6496913580246914E+00
        0.5900000000000001E+00         0.8276496163091125E+00         0.2616890579920538E-03         0.6513310185185185E+00
        0.5950000000000002E+00         0.8324703597506492E+00         0.2632132883438223E-03         0.6640625000000000E+00
        0.6000000000000001E+00         0.8375177741619957E+00         0.2648091701255035E-03         0.6715856481481481E+00
        0.6050000000000000E+00         0.8426343866856354E+00         0.2664269594574259E-03         0.6866801697530864E+00
        0.6100000000000003E+00         0.8477110277867675E+00         0.2680321984995580E-03         0.6930941358024691E+00
        0.6150000000000002E+00         0.8528769815815148E+00         0.2696655793143526E-03         0.7015335648148148E+00
        0.6200000000000001E+00         0.8583130436391818E+00         0.2713843220890170E-03         0.7245370370370371E+00
        0.6250000000000000E+00         0.8636767384876501E+00         0.2730801934150169E-03         0.7291666666666666E+00
        0.6300000000000003E+00         0.8690620365457640E+00         0.2747830346696952E-03         0.7442129629629629E+00
        0.6350000000000002E+00         0.8745539532998130E+00         0.2765194769309775E-03         0.7494695216049383E+00
        0.6400000000000001E+00         0.8801382780307323E+00         0.2782850842413445E-03         0.7563657407407407E+00
        0.6450000000000000E+00         0.8856968501311252E+00         0.2800426316005259E-03         0.7781153549382716E+00
        0.6499999999999999E+00         0.8914587853477557E+00         0.2818644254033152E-03         0.7815875771604939E+00
        0.6550000000000002E+00         0.8969004374945627E+00         0.2835849112658721E-03         0.7969232253086420E+00
        0.6600000000000001E+00         0.9022632823141811E+00         0.2852805956034781E-03         0.8029513888888888E+00
        0.6650000000000000E+00         0.9078242307164195E+00         0.2870388842814074E-03         0.8154417438271605E+00
        0.6699999999999999E+00         0.9133454882806132E+00         0.2887845504284870E-03         0.8330439814814815E+00
        0.6750000000000003E+00         0.9187649887369270E+00         0.2904980563269089E-03         0.8344907407407407E+00
        0.6800000000000002E+00         0.9239748382448773E+00         0.2921453844770387E-03         0.8506944444444444E+00
        0.6850000000000001E+00         0.9289528371105034E+00         0.2937192639696950E-03         0.8587962962962963E+00
        0.6899999999999999E+00         0.9340782132617389E+00         0.2953397138660259E-03         0.8741319444444444E+00
        0.6950000000000003E+00         0.9389168965162965E+00         0.2968696006523479E-03         0.8807870370370371E+00
        0.7000000000000002E+00         0.9432923605174075E+00         0.2982529795792528E-03         0.8891782407407407E+00
        0.7050000000000001E+00         0.9477600926371852E+00         0.2996656179174268E-03         0.8871527777777778E+00
        0.7100000000000000E+00         0.9519477158150664E+00         0.3009895819675249E-03         0.9123263888888888E+00
        0.7150000000000003E+00         0.9558757011716892E+00         0.3022314552073103E-03         0.9079861111111112E+00
        0.7200000000000002E+00         0.9595395325472041E+00         0.3033898771641250E-03         0.9160879629629629E+00
        0.7250000000000001E+00         0.9629572121533528E+00         0.3044704522475087E-03         0.9244791666666666E+00
        0.7300000000000000E+00         0.9665344478778052E+00         0.3056014629824396E-03         0.9293981481481481E+00
        0.7350000000000003E+00         0.9695269148673317E+00         0.3065476138005116E-03         0.9375000000000000E+00
        0.7400000000000002E+00         0.9724110178920000E+00         0.3074594119795053E-03         0.9482060185185185E+00
        0.7450000000000001E+00         0.9749610774315542E+00         0.3082656667946481E-03         0.9458912037037037E+00
        0.7500000000000000E+00         0.9775787414782370E+00         0.3090932973597301E-03         0.9510995370370371E+00
        0.7550000000000003E+00         0.9797613663467800E+00         0.3097833461211646E-03         0.9635416666666666E+00
        0.7600000000000002E+00         0.9817419444039305E+00         0.3104095465306919E-03         0.9681712962962963E+00
        0.7650000000000001E+00         0.9836627346921757E+00         0.3110168237330307E-03         0.9701967592592593E+00
        0.7700000000000000E+00         0.9852874788005345E+00         0.3115305099177182E-03         0.9739583333333334E+00
        0.7750000000000004E+00         0.9867568101640181E+00         0.3119950486748183E-03         0.9751157407407407E+00
        0.7800000000000002E+00         0.9880236151733329E+00         0.3123955764874301E-03         0.9774305555555556E+00
        0.7850000000000001E+00         0.9894775016743563E+00         0.3128552319503265E-03         0.9835069444444444E+00
        0.7900000000000000E+00         0.9906634840355034E+00         0.3132302055216575E-03         0.9797453703703703E+00
        0.7949999999999999E+00         0.9916114928961425E+00         0.3135299172286603E-03         0.9869791666666666E+00
        0.8000000000000003E+00         0.9924173577750466E+00         0.3137846921915945E-03         0.9846643518518519E+00
        0.8050000000000002E+00         0.9932820994709799E+00         0.3140580947987247E-03         0.9837962962962963E+00
        0.8100000000000001E+00         0.9940005744570027E+00         0.3142852592023027E-03         0.9872685185185185E+00
        0.8149999999999999E+00         0.9947080152427402E+00         0.3145089253381500E-03         0.9904513888888888E+00
        0.8200000000000003E+00         0.9952659531933121E+00         0.3146853067243837E-03         0.9907407407407407E+00
        0.8250000000000002E+00         0.9956981155198875E+00         0.3148219445166646E-03         0.9898726851851852E+00
        0.8300000000000001E+00         0.9963523058190518E+00         0.3150287780263362E-03         0.9913194444444444E+00
        0.8350000000000000E+00         0.9966297280279994E+00         0.3151164911550038E-03         0.9942129629629629E+00
        0.8400000000000003E+00         0.9970766096528714E+00         0.3152577751319832E-03         0.9918981481481481E+00
        0.8450000000000002E+00         0.9973380760040397E+00         0.3153404361729995E-03         0.9936342592592593E+00
        0.8500000000000001E+00         0.9976898228004621E+00         0.3154516459846299E-03         0.9973958333333334E+00
        0.8550000000000000E+00         0.9979189803440973E+00         0.3155240970995830E-03         0.9956597222222222E+00
        0.8600000000000003E+00         0.9982107059080960E+00         0.3156163300568470E-03         0.9976851851851852E+00
        0.8650000000000002E+00         0.9983223964351216E+00         0.3156516408076919E-03         0.9973958333333334E+00
        0.8700000000000001E+00         0.9985585351991233E+00         0.3157262989437955E-03         0.9979745370370371E+00
        0.8750000000000000E+00         0.9987534013688728E+00         0.3157879074832249E-03         0.9982638888888888E+00
        0.8800000000000003E+00         0.9988827633929737E+00         0.3158288061322754E-03         0.9979745370370371E+00
        0.8850000000000002E+00         0.9990161370920205E+00         0.3158709734801567E-03         0.9982638888888888E+00
        0.8900000000000001E+00         0.9990858896313415E+00         0.3158930267476012E-03         0.9982638888888888E+00
        0.8950000000000000E+00         0.9992046235749080E+00         0.3159305660295065E-03         0.9976851851851852E+00
        0.9000000000000004E+00         0.9992901621369560E+00         0.3159576093938031E-03         0.9985532407407407E+00
        0.9050000000000002E+00         0.9993743798947379E+00         0.3159842347670067E-03         0.9994212962962963E+00
        0.9100000000000001E+00         0.9994416997375430E+00         0.3160055184159363E-03         0.9994212962962963E+00
        0.9150000000000000E+00         0.9995096966202109E+00         0.3160270173180168E-03         0.9985532407407407E+00
        0.9199999999999999E+00         0.9995493278083774E+00         0.3160395474252688E-03         0.9985532407407407E+00
        0.9250000000000003E+00         0.9996124894918760E+00         0.3160595162736038E-03         0.9985532407407407E+00
        0.9300000000000002E+00         0.9996716011323770E+00         0.3160782048139189E-03         0.1000000000000000E+01
        0.9350000000000001E+00         0.9996882966023508E+00         0.3160834842686390E-03         0.9988425925925926E+00
        0.9399999999999999E+00         0.9997383185880894E+00         0.3160992979835177E-03         0.9994212962962963E+00
        0.9450000000000003E+00         0.9997603102959597E+00         0.3161062507511989E-03         0.9988425925925926E+00
        0.9500000000000002E+00         0.9997847982709415E+00         0.3161139933665932E-03         0.9997106481481481E+00
        0.9550000000000001E+00         0.9998138266968580E+00         0.3161231707995335E-03         0.9994212962962963E+00
        0.9600000000000000E+00         0.9998364075973777E+00         0.3161303097372000E-03         0.9997106481481481E+00
        0.9650000000000003E+00         0.9998559722221574E+00         0.3161364955068516E-03         0.9997106481481481E+00
        0.9700000000000002E+00         0.9998740899865494E+00         0.3161422236323075E-03         0.1000000000000000E+01
        0.9750000000000001E+00         0.9998870128151182E+00         0.3161463093856440E-03         0.9994212962962963E+00
        0.9800000000000000E+00         0.9999030619743928E+00         0.3161513834129945E-03         0.1000000000000000E+01
        0.9850000000000003E+00         0.9999150687729608E+00         0.3161551794269906E-03         0.1000000000000000E+01
        0.9900000000000002E+00         0.9999183457546932E+00         0.3161562156164931E-03         0.9994212962962963E+00
        0.9950000000000001E+00         0.9999274072121204E+00         0.3161590803713136E-03         0.1000000000000000E+01
        0.1000000000000000E+01         0.9999356878536534E+00         0.3161616984355673E-03         0.1000000000000000E+01
