-1.4	1.2966581223565960E-024	3.3517464492394719E-004	
-1.2	9.7860100704000530E-021	2.9153097329718793E-002	
-1.0	0.0000000000000000	0.0000000000000000	
-0.8	1.8169889883830791E-018	0.45866130653520082	
-0.6	3.5104699425595708E-018	0.28246937280131890	
-0.4	1.2953894784024591E-016	0.36890059828362193	
-0.2	3.1314487550521017E-014	0.64800187222235406	
0.0	1.2535112925182908E-012	0.28326759810408042	
0.2	1.5107262611968265E-010	0.20000000000000004	
0.4	2.9812100553320467E-009	0.40000000000000008	
0.6	5.2510608893945326E-009	0.43000000000000005	
0.8	2.2611238943334506E-007	0.41999999999987231	
1.0	0.0000000000000000	0.45516080107478785	
