                -1.5000000000000                 0.0003585905632                 0.0000000000000                 0.0000296758251                 0.0000445110764                -0.0000000000000                -0.0000000000000                 0.0000000000000                -0.0000148247396                -0.0000000000000                -0.0000000000019                -0.0000000000019
                -1.4800000000000                 0.0005806485240                 0.0000000000000                 0.0000480846763                 0.0000721200303                -0.0000000000000                -0.0000000000000                -0.0000000000000                -0.0000240183179                -0.0000000000000                -0.0000000000081                -0.0000000000081
                -1.4600000000000                 0.0009393133294                 0.0000000000001                 0.0000778702690                 0.0001167871002                -0.0000000000000                -0.0000000000000                -0.0000000000000                -0.0000388892323                -0.0000000000000                -0.0000000000344                -0.0000000000344
                -1.4400000000000                 0.0015171753076                 0.0000000000004                 0.0001259944994                 0.0001889438874                -0.0000000000002                -0.0000000000002                 0.0000000000000                -0.0000629047071                 0.0000000000000                -0.0000000001458                -0.0000000001458
                -1.4200000000000                 0.0024444666394                 0.0000000000030                 0.0002035697405                 0.0003052298998                -0.0000000000015                -0.0000000000015                -0.0000000000000                -0.0001015879015                -0.0000000000000                -0.0000000006144                -0.0000000006144
                -1.4000000000000                 0.0039230017475                 0.0000000000203                 0.0003281618982                 0.0004919197253                -0.0000000000102                -0.0000000000102                 0.0000000000000                -0.0001636411770                -0.0000000000000                -0.0000000025700                -0.0000000025700
                -1.3800000000000                 0.0062568468569                 0.0000000001347                 0.0005271126528                 0.0007898392051                -0.0000000000673                -0.0000000000673                 0.0000000000000                -0.0002625387816                -0.0000000000000                -0.0000000106259                -0.0000000106259
                -1.3600000000000                 0.0098837344692                 0.0000000008701                 0.0008419573014                 0.0012608343156                -0.0000000004347                -0.0000000004347                 0.0000000000001                -0.0004185762690                -0.0000000000001                -0.0000000431480                -0.0000000431480
                -1.3400000000000                 0.0153887927037                 0.0000000054134                 0.0013334602744                 0.0019949772966                -0.0000000027040                -0.0000000027040                 0.0000000000014                -0.0006610398783                -0.0000000000014                -0.0000001704786                -0.0000001704779
                -1.3200000000000                 0.0234633275856                 0.0000000318622                 0.0020855928466                 0.0031158445933                -0.0000000159087                -0.0000000159082                 0.0000000000207                -0.0010295102673                -0.0000000000194                -0.0000006471363                -0.0000006471269
                -1.3000000000000                 0.0347613646970                 0.0000001735983                 0.0032050963689                 0.0047786946018                -0.0000000865946                -0.0000000865853                 0.0000000002693                -0.0015725049396                -0.0000000002441                -0.0000023235043                -0.0000023233880
                -1.2800000000000                 0.0496442861357                 0.0000008552717                 0.0048125695283                 0.0071555412881                -0.0000004257317                -0.0000004255836                 0.0000000030318                -0.0023415908283                -0.0000000026132                -0.0000077592106                -0.0000077579862
                -1.2600000000000                 0.0679144585082                 0.0000037327308                 0.0070240943246                 0.0104061576181                -0.0000018500236                -0.0000018481437                 0.0000000285970                -0.0033812039719                -0.0000000229883                -0.0000237515262                -0.0000237409334
                -1.2400000000000                 0.0887371326139                 0.0000142507335                 0.0099299592081                 0.0146453983509                -0.0000070054468                -0.0000069869668                 0.0000002210126                -0.0047184698896                -0.0000001619584                -0.0000660761585                -0.0000660023991
                -1.2200000000000                 0.1108661091685                 0.0000475057380                 0.0135830297803                 0.0199250568564                -0.0000230279338                -0.0000228885298                 0.0000013892436                -0.0063593153470                -0.0000009051446                -0.0001670027038                -0.0001665910542
                -1.2000000000000                 0.1330478201460                 0.0001394272404                 0.0180060442696                 0.0262416222493                -0.0000661229250                -0.0000653068041                 0.0000071643146                -0.0082933382577                -0.0000040422944                -0.0003863431857                -0.0003844806245
                -1.1800000000000                 0.1543622850014                 0.0003658637902                 0.0232176396644                 0.0335658494947                -0.0001681107963                -0.0001643006574                 0.0000309900612                -0.0105033108637                -0.0000147223554                -0.0008288875684                -0.0008219050857
                -1.1600000000000                 0.1743866137835                 0.0008753532685                 0.0292734459295                 0.0418835393466                -0.0003850685239                -0.0003703583832                 0.0001160865174                -0.0129718915623                -0.0000449500061                -0.0016768885004                -0.0016546290188
                -1.1400000000000                 0.1932573487370                 0.0019539997677                 0.0363301744602                 0.0512472351351                -0.0008095619988                -0.0007607425728                 0.0003918096078                -0.0156774256962                -0.0001183393984                -0.0032617350214                -0.0031998754766
                -1.1200000000000                 0.2118535600819                 0.0041885315269                 0.0447827214106                 0.0618710958667                -0.0015896022741                -0.0014459303910                 0.0012525571700                -0.0185611493730                -0.0002734354753                -0.0062512413581                -0.0060991368016
                -1.1000000000000                 0.2326719235832                 0.0089966338765                 0.0556918900907                 0.0744215572451                -0.0029344974607                -0.0025692689931                 0.0040696966370                -0.0213875061312                -0.0005281735351                -0.0122334341224                -0.0119160724394
                -1.0800000000000                 0.2621171652320                 0.0201188535502                 0.0720973130691                 0.0910378960212                -0.0045878110311                -0.0042616217108                 0.0141272163074                -0.0232773507647                -0.0002978936507                -0.0249916617884                -0.0247153212461
                -1.0600000000000                 0.2950868167408                 0.0377122391426                 0.0952617179290                 0.1135099397098                -0.0032859413133                -0.0067929885607                 0.0357153895195                -0.0243537369094                 0.0032626711400                -0.0429740335757                -0.0442429094332
                -1.0400000000000                 0.3137747976119                 0.0534520515138                 0.1195131740148                 0.1382608619694                 0.0018979549862                -0.0103539459226                 0.0571082938251                -0.0270118351924                 0.0099608635441                -0.0582545546315                -0.0619777050136
                -1.0200000000000                 0.3229084159549                 0.0665177008433                 0.1436464363446                 0.1638297964773                 0.0090589623364                -0.0144763569688                 0.0751009101834                -0.0309238704281                 0.0180710362106                -0.0716253673540                -0.0777771870770
                -1.0000000000000                 0.3275619823528                 0.0776848046216                 0.1676312427955                 0.1898165012710                 0.0171347669714                -0.0187001117787                 0.0905203902528                -0.0352506739045                 0.0268936569863                -0.0841482887251                -0.0925418641340
                -0.9800000000000                 0.3300496497901                 0.0875090228558                 0.1914096074661                 0.2159656992272                 0.0255088238831                -0.0226483998750                 0.1041401297827                -0.0392687841263                 0.0360674853509                -0.0962271466646                -0.1066875817230
                -0.9600000000000                 0.3314289878397                 0.0963772241990                 0.2149370442662                 0.2421216212181                 0.0337765417895                -0.0260026534974                 0.1164373204389                -0.0423619075844                 0.0453780660393                -0.1080254814677                -0.1204196440699
                -0.9400000000000                 0.3322140097252                 0.1045498280277                 0.2381857185676                 0.2681959071477                 0.0416256418640                -0.0285552560979                 0.1276392263491                -0.0441126471358                 0.0547002505601                -0.1196150244515                -0.1338533471217
                -0.9200000000000                 0.3326691202507                 0.1121915527925                 0.2611327642530                 0.2941357966997                 0.0487173622335                -0.0303001936485                 0.1377340920352                -0.0444322623562                 0.0639632151866                -0.1310254791865                -0.1470566307388
                -0.9000000000000                 0.3329364754416                 0.1193953628106                 0.2837475961560                 0.3198987490986                 0.0545389154206                -0.0314863953676                 0.1464128418523                -0.0436125537369                 0.0731249147133                -0.1422610531016                -0.1600650772723
                -0.8800000000000                 0.3330950603885                 0.1261838355853                 0.3059665544174                 0.3454264158171                 0.0582258897838                -0.0326088924567                 0.1529479495066                -0.0423006791971                 0.0821545397366                -0.1532976902231                -0.1728828162130
                -0.8600000000000                 0.3331898331208                 0.1324687736460                 0.3276342992946                 0.3706039106542                 0.0584390683706                -0.0343067494615                 0.1561050868189                -0.0414576477902                 0.0910193596994                -0.1640580026656                -0.1854685041484
                -0.8400000000000                 0.3332468464663                 0.1379421030043                 0.3483772985295                 0.3951794667961                 0.0536125392431                -0.0370074012499                 0.1544231354953                -0.0422271758218                 0.0996665721048                -0.1743495662983                -0.1976960505285
                -0.8200000000000                 0.3332814096537                 0.1418732941964                 0.3673632880036                 0.4186047531569                 0.0429562968351                -0.0402766942752                 0.1472892921032                -0.0454585707316                 0.1079755060666                -0.1837454762081                -0.2092704952537
                -0.8000000000000                 0.3333026201272                 0.1428807056314                 0.3829566471436                 0.4397577653387                 0.0275854494445                -0.0425652185496                 0.1362956809556                -0.0508289055514                 0.1156117238200                -0.1914137851544                -0.2195761173474
                -0.7800000000000                 0.3333159330477                 0.1390023777025                 0.3925089446411                 0.4565911617213                 0.0100946166451                -0.0419047292499                 0.1253721043110                -0.0563547946054                 0.1216562857743                -0.1960159387310                -0.2274584411249
                -0.7600000000000                 0.3333246571085                 0.1287139554182                 0.3932110839482                 0.4663359544362                -0.0072778241683                -0.0369580864821                 0.1193023320655                -0.0592518554357                 0.1241696925007                -0.1961365399436                -0.2311945773843
                -0.7400000000000                 0.3333309133205                 0.1130773412224                 0.3862597270613                 0.4690078286149                -0.0230769070642                -0.0286196549577                 0.1192246684328                -0.0590078751309                 0.1217060172617                -0.1923453442477                -0.2299733142182
                -0.7200000000000                 0.3333364827976                 0.0973362054537                 0.3832678619139                 0.4746793769904                -0.0341351697273                -0.0216977746652                 0.1150479239902                -0.0620694215249                 0.1186740966913                -0.1902894188830                -0.2276911856695
                -0.7000000000000                 0.3333434190720                 0.0833292077555                 0.3899911753257                 0.4885657753220                -0.0370057705601                -0.0182099124304                 0.1015387261202                -0.0718865937428                 0.1193201928411                -0.1924359197455                -0.2267096637081
                -0.6800000000000                 0.3333540153779                 0.0663539498711                 0.3945563933074                 0.4993758190533                -0.0330464301302                -0.0136194545696                 0.0904763616492                -0.0808204183578                 0.1192187013512                -0.1921959076442                -0.2221033904872
                -0.6600000000000                 0.3333711727686                 0.0493858079468                 0.3948915700877                 0.5051241957902                -0.0270103246107                -0.0081134403687                 0.0842548051420                -0.0864999813109                 0.1164739335764                -0.1876885093054                -0.2136104317676
                -0.6400000000000                 0.3333992170585                 0.0377094019863                 0.3949804592215                 0.5089547995717                -0.0221991970281                -0.0042492785532                 0.0800009493146                -0.0903236087604                 0.1116559292752                -0.1801196834326                -0.2029519381844
                -0.6200000000000                 0.3334452161467                 0.0338810385258                 0.3977699785449                 0.5131028107519                -0.0199560133604                -0.0035929134365                 0.0755442207927                -0.0936575320965                 0.1055148046992                -0.1707723779092                -0.1912342316545
                -0.6000000000000                 0.3335210634413                 0.0369388336742                 0.4036246115999                 0.5181229316460                -0.0200964210096                -0.0059491624242                 0.0702855256095                -0.0970498677014                 0.0985931992485                -0.1604786394754                -0.1789918350922
                -0.5800000000000                 0.3336468116857                 0.0441066668261                 0.4112961377898                 0.5235472468162                -0.0217293819398                -0.0101146305332                 0.0646289229153                -0.1004477711285                 0.0912292300728                -0.1496815825006                -0.1664619362582
                -0.5600000000000                 0.3338562746452                 0.0526650421988                 0.4192584991745                 0.5286417371963                -0.0239800747766                -0.0148259609997                 0.0592554570662                -0.1035841224175                 0.0836125896189                -0.1385963740449                -0.1537519736441
                -0.5400000000000                 0.3342066610327                 0.0605535596197                 0.4262327883290                 0.5327147468579                -0.0262205932535                -0.0190965869371                 0.0548129309816                -0.1061656115072                 0.0758441325436                -0.1273265299453                -0.1409157717047
                -0.5200000000000                 0.3347951942295                 0.0662315088744                 0.4311810380061                 0.5351429870679                -0.0280281394287                -0.0221729093627                 0.0518820215868                -0.1079108483080                 0.0679764939058                -0.1159276152075                -0.1279863448957
                -0.5000000000000                 0.3357876468754                 0.0684729682951                 0.4332325620120                 0.5353753786547                -0.0291041863158                -0.0234460792352                 0.0509665702541                -0.1085663512668                 0.0600338933188                -0.1044427597082                -0.1149932482105
                -0.4800000000000                 0.3374664403856                 0.0663402212569                 0.4317486372340                 0.5330618109052                -0.0292143447201                -0.0224463918552                 0.0523613403429                -0.1079788699635                 0.0520205202531                -0.0929266927350                -0.1019751997308
                -0.4600000000000                 0.3403072576092                 0.0594015949195                 0.4266047916468                 0.5283873718538                -0.0281430170929                -0.0189570996283                 0.0558172957736                -0.1062661606342                 0.0439312651970                -0.0814601241964                -0.0889902537538
                -0.4400000000000                 0.3450824166588                 0.0481619969142                 0.4186286346247                 0.5225250089884                -0.0256871514211                -0.0132352798496                 0.0600966825288                -0.1040378598984                 0.0357840290154                -0.0701442775053                -0.0761249973521
                -0.4200000000000                 0.3529329192188                 0.0344247612595                 0.4098173236920                 0.5177404640889                -0.0217871375321                -0.0062069335800                 0.0629025037221                -0.1024216035341                 0.0276879022212                -0.0590849863899                -0.0635212990187
                -0.4000000000000                 0.3651939722729                 0.0210611645645                 0.4028125481926                 0.5165758192931                -0.0168300636859                 0.0006160645076                 0.0617933276033                -0.1025973510275                 0.0199341937059                -0.0484318823134                -0.0514572689387
                -0.3800000000000                 0.3826215727918                 0.0109344540904                 0.3997298421285                 0.5204462866308                -0.0117871824466                 0.0056395545285                 0.0557471516280                -0.1050302403323                 0.0130476182775                -0.0384996549404                -0.0404408931057
                -0.3600000000000                 0.4042889027906                 0.0055336059519                 0.4012526910772                 0.5289580867310                -0.0077373511840                 0.0079127309455                 0.0458924568975                -0.1091550197881                 0.0076430628559                -0.0297880278270                -0.0311046737697
                -0.3400000000000                 0.4277079619019                 0.0042575337796                 0.4065010705139                 0.5403851625290                -0.0051508108402                 0.0076635454907                 0.0347742299647                -0.1137906254948                 0.0040261924182                -0.0227419104804                -0.0238564566280
                -0.3200000000000                 0.4505567257241                 0.0050736295700                 0.4136974305673                 0.5526909629854                -0.0037930135714                 0.0060885164609                 0.0249803113196                -0.1178095443658                 0.0019626805541                -0.0175505027034                -0.0187181313987
                -0.3000000000000                 0.4719136477264                 0.0060197492068                 0.4212692258102                 0.5644190169394                -0.0031853989985                 0.0044634428865                 0.0181303730480                -0.1205694454726                 0.0009431862724                -0.0142076001280                -0.0155041979919
                -0.2800000000000                 0.4920589738969                 0.0059880895413                 0.4283771390806                 0.5748622379576                -0.0029706738923                 0.0035575877366                 0.0148288391258                -0.1218812111066                 0.0005505930071                -0.0126443741493                -0.0140263116442
                -0.2600000000000                 0.5118209762977                 0.0045693397373                 0.4347440935012                 0.5837238205821                -0.0029918027383                 0.0036593796300                 0.0151872298056                -0.1217394599188                 0.0005904225149                -0.0128130290470                -0.0141850106103
                -0.2400000000000                 0.5321474642176                 0.0017762760359                 0.4404321983238                 0.5908544975837                -0.0032650564933                 0.0047407182091                 0.0191993093791                -0.1201420041839                 0.0010831968319                -0.0147191472321                -0.0159912385809
                -0.2200000000000                 0.5538019645665                -0.0018565492476                 0.4459671710736                 0.5963562950553                -0.0039849587373                 0.0064347298314                 0.0266979582573                -0.1171103464478                 0.0022677573508                -0.0184185421874                -0.0195648303576
                -0.2000000000000                 0.5768828938747                -0.0048033894833                 0.4527733478572                 0.6010763421182                -0.0055458771100                 0.0078611904774                 0.0369155352720                -0.1129027396634                 0.0045973363480                -0.0239762376626                -0.0251041164096
                -0.1800000000000                 0.6001744074476                -0.0043509865127                 0.4632802475857                 0.6070754768083                -0.0084171005029                 0.0076917062500                 0.0480081527621                -0.1082679152993                 0.0085612284969                -0.0313714023359                -0.0327732647080
                -0.1600000000000                 0.6211783051082                 0.0022505211576                 0.4798224004601                 0.6171658503162                -0.0127239896175                 0.0048583957920                 0.0572923987284                -0.1043908456168                 0.0142955764387                -0.0403629407574                -0.0424821266962
                -0.1400000000000                 0.6376044011500                 0.0157385278399                 0.5030341595119                 0.6334530592961                -0.0178430937268                -0.0006221510132                 0.0623971455810                -0.1023849557811                 0.0214018187849                -0.0504716522042                -0.0537534481800
                -0.1200000000000                 0.6489086104796                 0.0341649007440                 0.5314547210536                 0.6561074094679                -0.0226539618983                -0.0076180571682                 0.0625957839758                -0.1026281551842                 0.0292566617475                -0.0612219731567                -0.0659552421477
                -0.1000000000000                 0.6560524479571                 0.0541286521957                 0.5622733792664                 0.6832218864394                -0.0262833043107                -0.0144960666825                 0.0592926344027                -0.1044661073251                 0.0373787135781                -0.0723404327249                -0.0786260420816
                -0.0800000000000                 0.6603711841776                 0.0724328378971                 0.5925135539988                 0.7119152510144                -0.0284556820129                -0.0198318241503                 0.0550210755549                -0.1066690779915                 0.0455190917606                -0.0836939835849                -0.0915234117017
                -0.0600000000000                 0.6629348535166                 0.0870450277446                 0.6200775673507                 0.7398001437857                -0.0292789689061                -0.0228360501424                 0.0519072699132                -0.1081916405485                 0.0535934632204                -0.0951778249300                -0.1045205815267
                -0.0400000000000                 0.6644494095720                 0.0972205220612                 0.6440866904750                 0.7656501567252                -0.0289628913332                -0.0233636466312                 0.0509681417153                -0.1085335910686                 0.0615926247768                -0.1066932428022                -0.1175375902708
                -0.0200000000000                 0.6653451960171                 0.1031709545940                 0.6646012098573                 0.7892018116691                -0.0277240603430                -0.0216957324182                 0.0523108436532                -0.1076480329854                 0.0695214346676                -0.1181649488180                -0.1305208330623
                 0.0000000000000                 0.6658767982455                 0.1056811165733                 0.6821899624532                 0.8106953751376                -0.0258054397195                -0.0183341655877                 0.0555802015798                -0.1057179402871                 0.0773723171240                -0.1295420203674                -0.1434342683806
                 0.0200000000000                 0.6661935435574                 0.1058976831964                 0.6976543452271                 0.8305506247244                -0.0235244926711                -0.0139123299208                 0.0602523137844                -0.1030053557570                 0.0851163482973                -0.1407810196321                -0.1562487372400
                 0.0400000000000                 0.6663830491079                 0.1053333908067                 0.7119441542464                 0.8492229121396                -0.0213373264504                -0.0092210216372                 0.0657344571199                -0.0997945697784                 0.0926935709049                -0.1518203623764                -0.1689287797525
                 0.0600000000000                 0.6664969148850                 0.1060072071411                 0.7261597750375                 0.8671330130006                -0.0199208326881                -0.0053032314498                 0.0713652455277                -0.0963793827616                 0.0999896925307                -0.1625410181800                -0.1814134856295
                 0.0800000000000                 0.6665656646490                 0.1103614636960                 0.7413538601680                 0.8844702529976                -0.0201855144299                -0.0034566328966                 0.0764796868677                -0.0930069124065                 0.1067910065837                -0.1726943666436                -0.1935781402596
                 0.1000000000000                 0.6666074054639                 0.1200984472573                 0.7575863890414                 0.9005518848481                -0.0229548252754                -0.0047759820564                 0.0808037363115                -0.0896462503528                 0.1127231576448                -0.1817741031411                -0.2051443122159
                 0.1200000000000                 0.6666328745824                 0.1335397363926                 0.7721914806875                 0.9126840680524                -0.0281682811009                -0.0091384040972                 0.0852231118980                -0.0855890907915                 0.1171996409587                -0.1888567984682                -0.2154893826398
                 0.1400000000000                 0.6666484679413                 0.1433670697423                 0.7791274239749                 0.9154977075543                -0.0341248572356                -0.0146624228833                 0.0921900192022                -0.0793492542880                 0.1194473784616                -0.1925975601367                -0.2233650572795
                 0.1600000000000                 0.6666581490074                 0.1373739100222                 0.7728949938769                 0.9036725495394                -0.0371163842143                -0.0188747902294                 0.1042990499412                -0.0698155243330                 0.1191019149001                -0.1920212655993                -0.2270678100900
                 0.1800000000000                 0.6666646455154                 0.1114778901456                 0.7645753695991                 0.8879506494031                -0.0325487289271                -0.0226827402578                 0.1168282258703                -0.0608049303409                 0.1189436322121                -0.1902336021906                -0.2279384312973
                 0.2000000000000                 0.6666701980860                 0.0817247093916                 0.7774597769464                 0.8914082398925                -0.0202230431639                -0.0303395254624                 0.1190750053822                -0.0591021872609                 0.1224840616290                -0.1931991725810                -0.2305012304422
                 0.2200000000000                 0.6666767986762                 0.0468779814271                 0.7936844715871                 0.8946982049234                -0.0039531823295                -0.0382702424502                 0.1199353800045                -0.0589909279788                 0.1240686026122                -0.1964961102427                -0.2308698487048
                 0.2400000000000                 0.6666862276820                 0.0010893457909                 0.7950894446342                 0.8821252670533                 0.0135575524389                -0.0423476125421                 0.1272682713372                -0.0553974634774                 0.1206766185896                -0.1954322753258                -0.2261845648500
                 0.2600000000000                 0.6667007730875                -0.0516969275275                 0.7838735905247                 0.8603074996197                 0.0308465809043                -0.0422900494923                 0.1385887779252                -0.0496830087533                 0.1142020737252                -0.1901067859093                -0.2177057622399
                 0.2800000000000                 0.6667240775734                -0.1006142406294                 0.7687262209466                 0.8401802881634                 0.0454760594603                -0.0396536426241                 0.1490754184601                -0.0446246588650                 0.1063879338820                -0.1820106916089                -0.2070813361268
                 0.3000000000000                 0.6667621660705                -0.1346719137397                 0.7569607299431                 0.8288585139958                 0.0550125257862                -0.0364037841658                 0.1551860940819                -0.0418990827541                 0.0979966809654                -0.1723894074273                -0.1953435782762
                 0.3200000000000                 0.6668251030607                -0.1493479407190                 0.7513774151542                 0.8275811213638                 0.0587471135936                -0.0339014257073                 0.1558252529809                -0.0415317976988                 0.0893006947760                -0.1619821617407                -0.1830297508979
                 0.3400000000000                 0.6669298589268                -0.1475275877847                 0.7504951405427                 0.8335464899433                 0.0577295093860                -0.0323644699504                 0.1518901020441                -0.0425544658421                 0.0804004980445                -0.1511575574411                -0.1703922636927
                 0.3600000000000                 0.6671053854130                -0.1350006817656                 0.7510322600994                 0.8430135627131                 0.0535348407208                -0.0312780487317                 0.1448543854909                -0.0438365761898                 0.0713427154590                -0.1400781844693                -0.1575357559772
                 0.3800000000000                 0.6674017996876                -0.1167184335326                 0.7499214730591                 0.8529967190269                 0.0474105132920                -0.0300144090628                 0.1358565949068                -0.0444738005812                 0.0621586325243                -0.1288075950447                -0.1444906061177
                 0.4000000000000                 0.6679075173173                -0.0958280183120                 0.7450807863344                 0.8616252021646                 0.0401381780802                -0.0281228693695                 0.1255316469148                -0.0438854364843                 0.0528801704156                -0.1173631723646                -0.1312459844916
                 0.4200000000000                 0.6687825704866                -0.0739680836092                 0.7356330524411                 0.8680944976141                 0.0321832599959                -0.0254055534598                 0.1141224837155                -0.0418534776951                 0.0435533961977                -0.1057360859119                -0.1177604454583
                 0.4400000000000                 0.6703269081437                -0.0517725098639                 0.7219074918534                 0.8725542855912                 0.0238688481223                -0.0219140309962                 0.1015918169558                -0.0385383840597                 0.0342574774703                -0.0938903955882                -0.1039585118782
                 0.4600000000000                 0.6731295832107                -0.0293909471728                 0.7051131036295                 0.8758573200181                 0.0155165164757                -0.0178847311182                 0.0876663214405                -0.0344074470161                 0.0251319241234                -0.0817419726600                -0.0897120201456
                 0.4800000000000                 0.6784175015454                -0.0070243195697                 0.6867597960732                 0.8791787178383                 0.0075619090921                -0.0136493175311                 0.0718140935573                -0.0301017552232                 0.0164140144848                -0.0690973115021                -0.0747879930183
                 0.5000000000000                 0.6889016468779                 0.0144004891627                 0.6680820377339                 0.8835875923647                 0.0006825093709                -0.0095969395041                 0.0532062880099                -0.0263651627588                 0.0085068286238                -0.0554684232465                -0.0587014411120
                 0.5200000000000                 0.7103366047241                 0.0311940469278                 0.6491998859369                 0.8889686177067                -0.0039138113082                -0.0062084074575                 0.0311934564435                -0.0240488709872                 0.0022402118304                -0.0396067778905                -0.0404493533497
                 0.5400000000000                 0.7446425678051                 0.0319472964769                 0.6291597224637                 0.8905161323614                -0.0043427806988                -0.0038807653516                 0.0111116657350                -0.0230450748159                -0.0004941125013                -0.0217720076263                -0.0214142093097
                 0.5600000000000                 0.7718065352476                 0.0206786322507                 0.6144584189949                 0.8875819742021                -0.0026185195467                -0.0023079895618                 0.0032142684782                -0.0208663114788                -0.0004759544809                -0.0106874042082                -0.0104065048254
                 0.5800000000000                 0.7918421256773                 0.0119682355380                 0.6065633610615                 0.8860538638791                -0.0013996715716                -0.0012823057298                 0.0009992525623                -0.0179894907379                -0.0002345744044                -0.0055028170551                -0.0053739899718
                 0.6000000000000                 0.8103700651696                 0.0065858637759                 0.6024744978150                 0.8862618743219                -0.0007041941993                -0.0006651880992                 0.0003107300087                -0.0151314009778                -0.0000989646294                -0.0028696463613                -0.0028184941710
                 0.6200000000000                 0.8294258442418                 0.0034336731733                 0.6004916349997                 0.8875681206058                -0.0003298592961                -0.0003184154796                 0.0000905241335                -0.0124696289281                -0.0000365893932                -0.0014665210539                -0.0014485716708
                 0.6400000000000                 0.8497102166403                 0.0016781338223                 0.5996779619075                 0.8894458106956                -0.0001413055016                -0.0001384407196                 0.0000235632360                -0.0100502521636                -0.0000116043748                -0.0007176490291                -0.0007121829560
                 0.6600000000000                 0.8712441795965                 0.0007602280158                 0.5994733593188                 0.8915115065955                -0.0000543425533                -0.0000537538914                 0.0000052751367                -0.0078928490827                -0.0000030678553                -0.0003300039521                -0.0003285957447
                 0.6800000000000                 0.8935018073685                 0.0003160545686                 0.5995386130325                 0.8934985442532                -0.0000184477454                -0.0000183518962                 0.0000009854225                -0.0060148848493                -0.0000006583061                -0.0001403270127                -0.0001400278524
                 0.7000000000000                 0.9154795205064                 0.0001197220189                 0.5996818298772                 0.8952394716271                -0.0000054600738                -0.0000054480070                 0.0000001505905                -0.0044329753848                -0.0000001125844                -0.0000545094765                -0.0000544581189
                 0.7200000000000                 0.9358934807158                 0.0000412353418                 0.5998120037318                 0.8966530292367                -0.0000014042107                -0.0000014029836                 0.0000000187131                -0.0031550310945                -0.0000000152812                -0.0000192251771                -0.0000192181142
                 0.7400000000000                 0.9535482596536                 0.0000129643652                 0.5999010927276                 0.8977280010023                -0.0000003146497                -0.0000003145658                 0.0000000019115                -0.0021711089876                -0.0000000016675                -0.0000061689275                -0.0000061681435
                 0.7600000000000                 0.9677252595518                 0.0000037629314                 0.5999523668716                 0.8985011013087                -0.0000000626275                -0.0000000626179                 0.0000000001670                -0.0014501194313                -0.0000000001505                -0.0000018189807                -0.0000018189087
                 0.7800000000000                 0.9783510904081                 0.0000010235043                 0.5999784677845                 0.8990324236198                -0.0000000113021                -0.0000000113029                 0.0000000000053                -0.0009453397157                -0.0000000000117                -0.0000005004684                -0.0000005004627
                 0.8000000000000                 0.9858674995889                 0.0000002650876                 0.5999906456557                 0.8993851068952                -0.0000000019002                -0.0000000018744                -0.0000000000133                -0.0006050988562                -0.0000000000008                -0.0000001306625                -0.0000001306620
                 0.8200000000000                 0.9909529424630                 0.0000000663314                 0.5999960079860                 0.8996134093559                -0.0000000003559                -0.0000000002698                 0.0000000000440                -0.0003823237196                -0.0000000000001                -0.0000000328648                -0.0000000328648
                 0.8400000000000                 0.9942854538490                 0.0000000154085                 0.5999982919195                 0.8997586670068                 0.0000000002291                 0.0000000001566                -0.0000000001537                -0.0002394540776                 0.0000000000001                -0.0000000080596                -0.0000000080598
                 0.8600000000000                 0.9964221770221                 0.0000000066712                 0.5999998589133                 0.8998506413050                -0.0000000011720                 0.0000000002568                -0.0000000009621                -0.0001494152448                -0.0000000000011                -0.0000000019432                -0.0000000019452
                 0.8800000000000                 0.9977726694578                -0.0000000030407                 0.5999997945838                 0.8999072123528                 0.0000000013373                -0.0000000003834                 0.0000000020539                -0.0000925793036                 0.0000000000017                -0.0000000004635                -0.0000000004632
                 0.9000000000000                 0.9986183937673                 0.0000000082394                 0.5999998877050                 0.8999425764687                -0.0000000004537                -0.0000000033355                -0.0000000004465                -0.0000572850556                 0.0000000000008                -0.0000000001195                -0.0000000001082
                 0.9200000000000                 0.9991449304718                 0.0000000125559                 0.5999999143018                 0.8999644870153                -0.0000000053567                -0.0000000025078                 0.0000000032342                -0.0000353888237                -0.0000000000021                -0.0000000000252                -0.0000000000286
                 0.9400000000000                 0.9994715471160                 0.0000000078274                 0.5999999709238                 0.8999781291536                -0.0000000035598                 0.0000000073556                -0.0000000153335                -0.0000218705293                -0.0000000000085                 0.0000000000149                -0.0000000000343
                 0.9600000000000                 0.9996736894965                 0.0000001024906                 0.6000002916701                 0.8999867895883                -0.0000000005167                -0.0000000261447                -0.0000000490820                -0.0000136204537                 0.0000000000154                -0.0000000001437                -0.0000000000582
                 0.9800000000000                 0.9997986180590                -0.0000007215131                 0.5999999078371                 0.8999918468972                 0.0000001618704                 0.0000001662181                 0.0000000651752                -0.0000084491137                -0.0000000000081                 0.0000000000383                 0.0000000000887
                 1.0000000000000                 0.9998757591173                -0.0000005260653                 0.5999986427784                 0.8999934724180                 0.0000000624069                 0.0000000918648                 0.0000002176995                -0.0000045507454                -0.0000000000969                 0.0000000002480                 0.0000000000082
