-1.4	8.1549278069605882E-004	3.9233405072513277E-003
-1.2	3.8064433179406415E-002	0.14401888384437458
-1.0	0.16400544432246456	0.35416113980543057
-0.8	0.31818040269701853	0.44068135621897919
-0.6	0.47994301190038763	0.47599442420086319
-0.4	0.64430576939558737	0.49267932584637258	
-0.2	0.80941346438707051	0.50398564742170948
0.0	0.97411790976625379	0.51820928464389182
0.2	1.1368991240081279	0.54626538875913144
0.4	1.2941267225858970	0.61288106508637286
0.6	0.0000000000000000	0.90524386195955164
0.8	1.4970469249186920	0.98584151341752513
1.0	1.5000000000000002	0.99987569455585412
