                -1.5000000000000                 0.0003585905632                 0.0000000000000                 0.0000296758251                 0.0000445110764                -0.0000000000000                -0.0000000000000                -0.0000000000000                -0.0000148247396                -0.0000000000000                -0.0000000000019                -0.0000000000019
                -1.4800000000000                 0.0005806485240                 0.0000000000000                 0.0000480846763                 0.0000721200303                -0.0000000000000                -0.0000000000000                 0.0000000000000                -0.0000240183179                -0.0000000000000                -0.0000000000081                -0.0000000000081
                -1.4600000000000                 0.0009393133294                 0.0000000000001                 0.0000778702690                 0.0001167871002                -0.0000000000000                -0.0000000000000                -0.0000000000000                -0.0000388892323                 0.0000000000000                -0.0000000000344                -0.0000000000344
                -1.4400000000000                 0.0015171753076                 0.0000000000004                 0.0001259944994                 0.0001889438874                -0.0000000000002                -0.0000000000002                -0.0000000000000                -0.0000629047071                -0.0000000000000                -0.0000000001458                -0.0000000001458
                -1.4200000000000                 0.0024444666394                 0.0000000000030                 0.0002035697405                 0.0003052298998                -0.0000000000015                -0.0000000000015                -0.0000000000000                -0.0001015879015                -0.0000000000000                -0.0000000006144                -0.0000000006144
                -1.4000000000000                 0.0039230017475                 0.0000000000203                 0.0003281618982                 0.0004919197253                -0.0000000000102                -0.0000000000102                 0.0000000000000                -0.0001636411770                -0.0000000000000                -0.0000000025700                -0.0000000025700
                -1.3800000000000                 0.0062568468569                 0.0000000001347                 0.0005271126528                 0.0007898392051                -0.0000000000673                -0.0000000000673                 0.0000000000000                -0.0002625387816                -0.0000000000000                -0.0000000106259                -0.0000000106259
                -1.3600000000000                 0.0098837344692                 0.0000000008701                 0.0008419573014                 0.0012608343156                -0.0000000004347                -0.0000000004347                 0.0000000000001                -0.0004185762690                -0.0000000000001                -0.0000000431480                -0.0000000431480
                -1.3400000000000                 0.0153887927037                 0.0000000054134                 0.0013334602744                 0.0019949772966                -0.0000000027040                -0.0000000027040                 0.0000000000014                -0.0006610398783                -0.0000000000014                -0.0000001704786                -0.0000001704779
                -1.3200000000000                 0.0234633275856                 0.0000000318622                 0.0020855928466                 0.0031158445933                -0.0000000159087                -0.0000000159082                 0.0000000000207                -0.0010295102673                -0.0000000000194                -0.0000006471363                -0.0000006471269
                -1.3000000000000                 0.0347613646970                 0.0000001735983                 0.0032050963689                 0.0047786946018                -0.0000000865946                -0.0000000865853                 0.0000000002693                -0.0015725049396                -0.0000000002441                -0.0000023235043                -0.0000023233880
                -1.2800000000000                 0.0496442861357                 0.0000008552717                 0.0048125695283                 0.0071555412881                -0.0000004257317                -0.0000004255836                 0.0000000030318                -0.0023415908283                -0.0000000026132                -0.0000077592106                -0.0000077579862
                -1.2600000000000                 0.0679144585082                 0.0000037327308                 0.0070240943246                 0.0104061576181                -0.0000018500236                -0.0000018481437                 0.0000000285970                -0.0033812039719                -0.0000000229883                -0.0000237515262                -0.0000237409334
                -1.2400000000000                 0.0887371326139                 0.0000142507335                 0.0099299592081                 0.0146453983509                -0.0000070054468                -0.0000069869668                 0.0000002210126                -0.0047184698896                -0.0000001619584                -0.0000660761585                -0.0000660023991
                -1.2200000000000                 0.1108661091685                 0.0000475057380                 0.0135830297803                 0.0199250568564                -0.0000230279338                -0.0000228885298                 0.0000013892436                -0.0063593153470                -0.0000009051446                -0.0001670027038                -0.0001665910542
                -1.2000000000000                 0.1330478201460                 0.0001394272404                 0.0180060442696                 0.0262416222493                -0.0000661229250                -0.0000653068041                 0.0000071643146                -0.0082933382577                -0.0000040422944                -0.0003863431857                -0.0003844806245
                -1.1800000000000                 0.1543622850014                 0.0003658637902                 0.0232176396644                 0.0335658494947                -0.0001681107963                -0.0001643006574                 0.0000309900612                -0.0105033108638                -0.0000147223554                -0.0008288875684                -0.0008219050857
                -1.1600000000000                 0.1743866137835                 0.0008753532685                 0.0292734459295                 0.0418835393466                -0.0003850685239                -0.0003703583832                 0.0001160865174                -0.0129718915623                -0.0000449500061                -0.0016768885004                -0.0016546290188
                -1.1400000000000                 0.1932573487370                 0.0019539997677                 0.0363301744602                 0.0512472351351                -0.0008095619988                -0.0007607425728                 0.0003918096078                -0.0156774256962                -0.0001183393984                -0.0032617350214                -0.0031998754766
                -1.1200000000000                 0.2118535600819                 0.0041885315269                 0.0447827214106                 0.0618710958668                -0.0015896022741                -0.0014459303910                 0.0012525571700                -0.0185611493730                -0.0002734354753                -0.0062512413581                -0.0060991368016
                -1.1000000000000                 0.2326719235832                 0.0089966338765                 0.0556918900907                 0.0744215572451                -0.0029344974607                -0.0025692689931                 0.0040696966370                -0.0213875061312                -0.0005281735351                -0.0122334341224                -0.0119160724394
                -1.0800000000000                 0.2621171652321                 0.0201188535502                 0.0720973130691                 0.0910378960212                -0.0045878110311                -0.0042616217108                 0.0141272163074                -0.0232773507647                -0.0002978936507                -0.0249916617884                -0.0247153212461
                -1.0600000000000                 0.2950868167408                 0.0377122391426                 0.0952617179290                 0.1135099397098                -0.0032859413133                -0.0067929885607                 0.0357153895195                -0.0243537369094                 0.0032626711400                -0.0429740335757                -0.0442429094332
                -1.0400000000000                 0.3137747976119                 0.0534520515137                 0.1195131740146                 0.1382608619693                 0.0018979549862                -0.0103539459225                 0.0571082938252                -0.0270118351924                 0.0099608635441                -0.0582545546314                -0.0619777050135
                -1.0200000000000                 0.3229084159549                 0.0665177008433                 0.1436464363446                 0.1638297964772                 0.0090589623364                -0.0144763569688                 0.0751009101835                -0.0309238704281                 0.0180710362105                -0.0716253673540                -0.0777771870770
                -1.0000000000000                 0.3275619823528                 0.0776848046216                 0.1676312427955                 0.1898165012710                 0.0171347669714                -0.0187001117787                 0.0905203902528                -0.0352506739045                 0.0268936569863                -0.0841482887251                -0.0925418641339
                -0.9800000000000                 0.3300496497900                 0.0875090228563                 0.1914096074666                 0.2159656992275                 0.0255088238829                -0.0226483998754                 0.1041401297826                -0.0392687841264                 0.0360674853508                -0.0962271466649                -0.1066875817232
                -0.9600000000000                 0.3314289878397                 0.0963772241989                 0.2149370442661                 0.2421216212180                 0.0337765417895                -0.0260026534973                 0.1164373204389                -0.0423619075844                 0.0453780660393                -0.1080254814677                -0.1204196440698
                -0.9400000000000                 0.3322140097252                 0.1045498280274                 0.2381857185674                 0.2681959071476                 0.0416256418642                -0.0285552560978                 0.1276392263492                -0.0441126471357                 0.0547002505601                -0.1196150244515                -0.1338533471216
                -0.9200000000000                 0.3326691202507                 0.1121915527880                 0.2611327642491                 0.2941357966976                 0.0487173622351                -0.0303001936461                 0.1377340920359                -0.0444322623554                 0.0639632151869                -0.1310254791845                -0.1470566307376
                -0.9000000000000                 0.3329364754417                 0.1193953628016                 0.2837475961482                 0.3198987490946                 0.0545389154240                -0.0314863953627                 0.1464128418539                -0.0436125537354                 0.0731249147140                -0.1422610530977                -0.1600650772700
                -0.8800000000000                 0.3330950603885                 0.1261838355658                 0.3059665544003                 0.3454264158082                 0.0582258897916                -0.0326088924460                 0.1529479495107                -0.0423006791939                 0.0821545397383                -0.1532976902146                -0.1728828162082
                -0.8600000000000                 0.3331898331208                 0.1324687736161                 0.3276342992688                 0.3706039106412                 0.0584390683838                -0.0343067494449                 0.1561050868260                -0.0414576477853                 0.0910193597022                -0.1640580026529                -0.1854685041414
                -0.8400000000000                 0.3332468464663                 0.1379421029342                 0.3483772984666                 0.3951794667653                 0.0536125392770                -0.0370074012087                 0.1544231355156                -0.0422271758084                 0.0996665721111                -0.1743495662664                -0.1976960505121
                -0.8200000000000                 0.3332814096537                 0.1418732941119                 0.3673632879280                 0.4186047531185                 0.0429562968806                -0.0402766942247                 0.1472892921349                -0.0454585707120                 0.1079755060732                -0.1837454761706                -0.2092704952337
                -0.8000000000000                 0.3333026201272                 0.1428807053979                 0.3829566469272                 0.4397577652264                 0.0275854495776                -0.0425652184078                 0.1362956810612                -0.0508289054854                 0.1156117238331                -0.1914137850461                -0.2195761172890
                -0.7800000000000                 0.3333159330477                 0.1390023772313                 0.3925089441873                 0.4565911614728                 0.0100946169157                -0.0419047289621                 0.1253721045612                -0.0563547944487                 0.1216562857840                -0.1960159385042                -0.2274584409969
                -0.7600000000000                 0.3333246571085                 0.1287139549008                 0.3932110834376                 0.4663359541354                -0.0072778238774                -0.0369580861680                 0.1193023323745                -0.0592518552448                 0.1241696924887                -0.1961365396902                -0.2311945772265
                -0.7400000000000                 0.3333309133205                 0.1130773408318                 0.3862597266600                 0.4690078283503                -0.0230769068586                -0.0286196547219                 0.1192246687042                -0.0590078749675                 0.1217060172264                -0.1923453440514                -0.2299733140779
                -0.7200000000000                 0.3333364827976                 0.0973362033897                 0.3832678598530                 0.4746793756596                -0.0341351686449                -0.0216977734387                 0.1150479253367                -0.0620694207011                 0.1186740965506                -0.1902894178634                -0.2276911849430
                -0.7000000000000                 0.3333434190720                 0.0833292069907                 0.3899911746107                 0.4885657748790                -0.0370057701702                -0.0182099119910                 0.1015387265561                -0.0718865934717                 0.1193201928165                -0.1924359193989                -0.2267096634603
                -0.6800000000000                 0.3333540153779                 0.0663539497806                 0.3945563932335                 0.4993758190103                -0.0330464300855                -0.0136194545208                 0.0904763616896                -0.0808204183332                 0.1192187013502                -0.1921959076120                -0.2221033904616
                -0.6600000000000                 0.3333711727686                 0.0493858078171                 0.3948915699977                 0.5051241957448                -0.0270103245521                -0.0081134403029                 0.0842548051837                -0.0864999812873                 0.1164739335843                -0.1876885092797                -0.2136104317483
                -0.6400000000000                 0.3333992170585                 0.0377094016637                 0.3949804590057                 0.5089547994667                -0.0221991968891                -0.0042492783916                 0.0800009494109                -0.0903236087076                 0.1116559292955                -0.1801196833846                -0.2029519381486
                -0.6200000000000                 0.3334452161467                 0.0338810381064                 0.3977699782657                 0.5131028106158                -0.0199560131869                -0.0035929132271                 0.0755442209183                -0.0936575320286                 0.1055148047230                -0.1707723778571                -0.1912342316158
                -0.6000000000000                 0.3335210634413                 0.0369388334848                 0.4036246114751                 0.5181229315845                -0.0200964209356                -0.0059491623302                 0.0702855256671                -0.0970498676712                 0.0985931992579                -0.1604786394588                -0.1789918350796
                -0.5800000000000                 0.3336468116857                 0.0441066666350                 0.4112961376654                 0.5235472467533                -0.0217293818703                -0.0101146304392                 0.0646289229755                -0.1004477710983                 0.0912292300807                -0.1496815824922                -0.1664619362511
                -0.5600000000000                 0.3338562746452                 0.0526650420905                 0.4192584991034                 0.5286417371597                -0.0239800747384                -0.0148259609464                 0.0592554571016                -0.1035841223998                 0.0836125896228                -0.1385963740413                -0.1537519736410
                -0.5400000000000                 0.3342066610327                 0.0605535595331                 0.4262327882709                 0.5327147468264                -0.0262205932243                -0.0190965868943                 0.0548129310123                -0.1061656114918                 0.0758441325464                -0.1273265299427                -0.1409157717026
                -0.5200000000000                 0.3347951942295                 0.0662315088455                 0.4311810379870                 0.5351429870578                -0.0280281394191                -0.0221729093484                 0.0518820215968                -0.1079108483031                 0.0679764939065                -0.1159276152072                -0.1279863448954
                -0.5000000000000                 0.3357876468754                 0.0684729682642                 0.4332325619904                 0.5353753786418                -0.0291041863063                -0.0234460792199                 0.0509665702669                -0.1085663512604                 0.0600338933195                -0.1044427597074                -0.1149932482100
                -0.4800000000000                 0.3374664403856                 0.0663402212372                 0.4317486372200                 0.5330618108966                -0.0292143447144                -0.0224463918454                 0.0523613403516                -0.1079788699591                 0.0520205202535                -0.0929266927348                -0.1019751997306
                -0.4600000000000                 0.3403072576092                 0.0594015949128                 0.4266047916421                 0.5283873718512                -0.0281430170908                -0.0189570996250                 0.0558172957762                -0.1062661606329                 0.0439312651971                -0.0814601241963                -0.0889902537538
                -0.4400000000000                 0.3450824166588                 0.0481619969071                 0.4186286346191                 0.5225250089845                -0.0256871514194                -0.0132352798460                 0.0600966825327                -0.1040378598964                 0.0357840290155                -0.0701442775051                -0.0761249973520
                -0.4200000000000                 0.3529329192188                 0.0344247612557                 0.4098173236891                 0.5177404640869                -0.0217871375312                -0.0062069335780                 0.0629025037242                -0.1024216035331                 0.0276879022212                -0.0590849863898                -0.0635212990187
                -0.4000000000000                 0.3651939722729                 0.0210611645634                 0.4028125481918                 0.5165758192926                -0.0168300636856                 0.0006160645082                 0.0617933276038                -0.1025973510272                 0.0199341937059                -0.0484318823134                -0.0514572689387
                -0.3800000000000                 0.3826215727918                 0.0109344540894                 0.3997298421277                 0.5204462866302                -0.0117871824463                 0.0056395545290                 0.0557471516286                -0.1050302403320                 0.0130476182775                -0.0384996549403                -0.0404408931057
                -0.3600000000000                 0.4042889027906                 0.0055336059514                 0.4012526910768                 0.5289580867307                -0.0077373511839                 0.0079127309457                 0.0458924568977                -0.1091550197880                 0.0076430628559                -0.0297880278270                -0.0311046737697
                -0.3400000000000                 0.4277079619019                 0.0042575337793                 0.4065010705137                 0.5403851625289                -0.0051508108401                 0.0076635454908                 0.0347742299648                -0.1137906254947                 0.0040261924182                -0.0227419104804                -0.0238564566280
                -0.3200000000000                 0.4505567257241                 0.0050736295693                 0.4136974305667                 0.5526909629849                -0.0037930135712                 0.0060885164613                 0.0249803113201                -0.1178095443656                 0.0019626805541                -0.0175505027034                -0.0187181313987
                -0.3000000000000                 0.4719136477264                 0.0060197492065                 0.4212692258100                 0.5644190169392                -0.0031853989985                 0.0044634428866                 0.0181303730481                -0.1205694454725                 0.0009431862724                -0.0142076001280                -0.0155041979919
                -0.2800000000000                 0.4920589738969                 0.0059880895409                 0.4283771390802                 0.5748622379573                -0.0029706738922                 0.0035575877368                 0.0148288391261                -0.1218812111064                 0.0005505930071                -0.0126443741493                -0.0140263116442
                -0.2600000000000                 0.5118209762976                 0.0045693397368                 0.4347440935009                 0.5837238205819                -0.0029918027382                 0.0036593796302                 0.0151872298058                -0.1217394599187                 0.0005904225149                -0.0128130290470                -0.0141850106103
                -0.2400000000000                 0.5321474642176                 0.0017762760358                 0.4404321983237                 0.5908544975837                -0.0032650564933                 0.0047407182092                 0.0191993093791                -0.1201420041839                 0.0010831968319                -0.0147191472321                -0.0159912385809
                -0.2200000000000                 0.5538019645665                -0.0018565492477                 0.4459671710736                 0.5963562950553                -0.0039849587372                 0.0064347298314                 0.0266979582573                -0.1171103464478                 0.0022677573508                -0.0184185421874                -0.0195648303576
                -0.2000000000000                 0.5768828938747                -0.0048033894835                 0.4527733478570                 0.6010763421180                -0.0055458771100                 0.0078611904775                 0.0369155352722                -0.1129027396634                 0.0045973363480                -0.0239762376626                -0.0251041164096
                -0.1800000000000                 0.6001744074476                -0.0043509865130                 0.4632802475854                 0.6070754768080                -0.0084171005029                 0.0076917062501                 0.0480081527624                -0.1082679152991                 0.0085612284969                -0.0313714023359                -0.0327732647080
                -0.1600000000000                 0.6211783051082                 0.0022505211562                 0.4798224004591                 0.6171658503155                -0.0127239896172                 0.0048583957927                 0.0572923987290                -0.1043908456165                 0.0142955764388                -0.0403629407574                -0.0424821266962
                -0.1400000000000                 0.6376044011500                 0.0157385278394                 0.5030341595116                 0.6334530592959                -0.0178430937267                -0.0006221510130                 0.0623971455812                -0.1023849557810                 0.0214018187849                -0.0504716522042                -0.0537534481800
                -0.1200000000000                 0.6489086104796                 0.0341649007423                 0.5314547210524                 0.6561074094672                -0.0226539618978                -0.0076180571674                 0.0625957839764                -0.1026281551839                 0.0292566617475                -0.0612219731567                -0.0659552421477
                -0.1000000000000                 0.6560524479571                 0.0541286521927                 0.5622733792639                 0.6832218864375                -0.0262833043101                -0.0144960666812                 0.0592926344043                -0.1044661073242                 0.0373787135781                -0.0723404327247                -0.0786260420815
                -0.0800000000000                 0.6603711841776                 0.0724328378929                 0.5925135539956                 0.7119152510121                -0.0284556820120                -0.0198318241487                 0.0550210755567                -0.1066690779905                 0.0455190917607                -0.0836939835846                -0.0915234117015
                -0.0600000000000                 0.6629348535166                 0.0870450277370                 0.6200775673453                 0.7398001437822                -0.0292789689042                -0.0228360501394                 0.0519072699160                -0.1081916405470                 0.0535934632206                -0.0951778249296                -0.1045205815264
                -0.0400000000000                 0.6644494095720                 0.0972205220517                 0.6440866904689                 0.7656501567219                -0.0289628913305                -0.0233636466273                 0.0509681417181                -0.1085335910672                 0.0615926247771                -0.1066932428018                -0.1175375902705
                -0.0200000000000                 0.6653451960171                 0.1031709545659                 0.6646012098392                 0.7892018116589                -0.0277240603350                -0.0216957324075                 0.0523108436606                -0.1076480329815                 0.0695214346687                -0.1181649488163                -0.1305208330610
                 0.0000000000000                 0.6658767982455                 0.1056811165460                 0.6821899624340                 0.8106953751255                -0.0258054397129                -0.0183341655799                 0.0555802015858                -0.1057179402835                 0.0773723171251                -0.1295420203636                -0.1434342683779
                 0.0200000000000                 0.6661935435574                 0.1058976830789                 0.6976543451503                 0.8305506246835                -0.0235244926387                -0.0139123298828                 0.0602523138071                -0.1030053557439                 0.0851163483031                -0.1407810196193                -0.1562487372317
                 0.0400000000000                 0.6663830491079                 0.1053333906828                 0.7119441541681                 0.8492229120993                -0.0213373264153                -0.0092210215969                 0.0657344571424                -0.0997945697656                 0.0926935709114                -0.1518203623640                -0.1689287797443
                 0.0600000000000                 0.6664969148850                 0.1060072068590                 0.7261597748493                 0.8671330128978                -0.0199208326142                -0.0053032313727                 0.0713652455704                -0.0963793827338                 0.0999896925461                -0.1625410181386                -0.1814134856034
                 0.0800000000000                 0.6665656646490                 0.1103614634331                 0.7413538599732                 0.8844702528747                -0.0201855143700                -0.0034566328383                 0.0764796869078                -0.0930069123770                 0.1067910065934                -0.1726943665903                -0.1935781402252
                 0.1000000000000                 0.6666074054639                 0.1200984467595                 0.7575863887072                 0.9005518846680                -0.0229548251470                -0.0047759819316                 0.0808037363769                -0.0896462503075                 0.1127231576734                -0.1817741030595                -0.2051443121675
                 0.1200000000000                 0.6666328745825                 0.1335397356799                 0.7721914801513                 0.9126840677028                -0.0281682809366                -0.0091384039256                 0.0852231120300                -0.0855890907022                 0.1171996409743                -0.1888567983309                -0.2154893825507
                 0.1400000000000                 0.6666484679413                 0.1433670695575                 0.7791274237451                 0.9154977073221                -0.0341248572202                -0.0146624228388                 0.0921900192977                -0.0793492542252                 0.1194473784250                -0.1925975600772                -0.2233650572266
                 0.1600000000000                 0.6666581490075                 0.1373739076392                 0.7728949917950                 0.9036725478288                -0.0371163837556                -0.0188747896572                 0.1042990506599                -0.0698155238795                 0.1191019147722                -0.1920212650762                -0.2270678096897
                 0.1800000000000                 0.6666646455154                 0.1114778904182                 0.7645753697725                 0.8879506494923                -0.0325487290001                -0.0226827403215                 0.1168282258311                -0.0608049303632                 0.1189436321995                -0.1902336022404                -0.2279384313219
                 0.2000000000000                 0.6666701980860                 0.0817247092456                 0.7774597767449                 0.8914082396536                -0.0202230431542                -0.0303395254325                 0.1190750054791                -0.0591021871931                 0.1224840615880                -0.1931991725368                -0.2305012303953
                 0.2200000000000                 0.6666767986762                 0.0468779807309                 0.7936844711002                 0.8946982046035                -0.0039531821634                -0.0382702422938                 0.1199353801442                -0.0589909278937                 0.1240686026229                -0.1964961101313                -0.2308698486420
                 0.2400000000000                 0.6666862276820                 0.0010893456251                 0.7950894443132                 0.8821252667917                 0.0135575524435                -0.0423476124766                 0.1272682714115                -0.0553974633842                 0.1206766185723                -0.1954322752680                -0.2261845648110
                 0.2600000000000                 0.6667007730875                -0.0516969275749                 0.7838735901916                 0.8603074993523                 0.0308465808643                -0.0422900494359                 0.1385887779762                -0.0496830086449                 0.1142020737195                -0.1901067858649                -0.2177057622145
                 0.2800000000000                 0.6667240775734                -0.1006142406313                 0.7687262207254                 0.8401802879373                 0.0454760594248                -0.0396536426030                 0.1490754185085                -0.0446246587763                 0.1063879338745                -0.1820106915866                -0.2070813361110
                 0.3000000000000                 0.6667621660705                -0.1346719136461                 0.7569607298201                 0.8288585138744                 0.0550125257410                -0.0364037841647                 0.1551860940831                -0.0418990826941                 0.0979966809636                -0.1723894074184                -0.1953435782706
                 0.3200000000000                 0.6668251030608                -0.1493479406690                 0.7513774150108                 0.8275811212331                 0.0587471135400                -0.0339014256889                 0.1558252530056                -0.0415317976458                 0.0893006947755                -0.1619821617353                -0.1830297508949
                 0.3400000000000                 0.6669298589268                -0.1475275879374                 0.7504951404360                 0.8335464898395                 0.0577295094271                -0.0323644699317                 0.1518901020784                -0.0425544658075                 0.0804004980449                -0.1511575574389                -0.1703922636915
                 0.3600000000000                 0.6671053854130                -0.1350006817941                 0.7510322600462                 0.8430135626736                 0.0535348407201                -0.0312780487206                 0.1448543854993                -0.0438365761743                 0.0713427154591                -0.1400781844684                -0.1575357559767
                 0.3800000000000                 0.6674017996876                -0.1167184335324                 0.7499214729910                 0.8529967189677                 0.0474105132790                -0.0300144090540                 0.1358565949155                -0.0444738005559                 0.0621586325243                -0.1288075950441                -0.1444906061173
                 0.4000000000000                 0.6679075173173                -0.0958280183173                 0.7450807862796                 0.8616252021249                 0.0401381780721                -0.0281228693603                 0.1255316469182                -0.0438854364661                 0.0528801704157                -0.1173631723641                -0.1312459844913
                 0.4200000000000                 0.6687825704866                -0.0739680836229                 0.7356330524185                 0.8680944975985                 0.0321832599954                -0.0254055534543                 0.1141224837194                -0.0418534776892                 0.0435533961978                -0.1057360859118                -0.1177604454582
                 0.4400000000000                 0.6703269081437                -0.0517725098734                 0.7219074918105                 0.8725542855553                 0.0238688481150                -0.0219140309884                 0.1015918169644                -0.0385383840461                 0.0342574774703                -0.0938903955880                -0.1039585118781
                 0.4600000000000                 0.6731295832107                -0.0293909471797                 0.7051131036115                 0.8758573200075                 0.0155165164740                -0.0178847311138                 0.0876663214420                -0.0344074470115                 0.0251319241234                -0.0817419726600                -0.0897120201456
                 0.4800000000000                 0.6784175015454                -0.0070243195612                 0.6867597960614                 0.8791787178285                 0.0075619090853                -0.0136493175293                 0.0718140935588                -0.0301017552191                 0.0164140144848                -0.0690973115021                -0.0747879930183
                 0.5000000000000                 0.6889016468779                 0.0144004891584                 0.6680820377310                 0.8835875923626                 0.0006825093720                -0.0095969395033                 0.0532062880106                -0.0263651627581                 0.0085068286238                -0.0554684232465                -0.0587014411120
                 0.5200000000000                 0.7103366047241                 0.0311940469267                 0.6491998859307                 0.8889686177015                -0.0039138113089                -0.0062084074566                 0.0311934564444                -0.0240488709850                 0.0022402118304                -0.0396067778905                -0.0404493533497
                 0.5400000000000                 0.7446425678051                 0.0319472964755                 0.6291597224601                 0.8905161323579                -0.0043427806987                -0.0038807653513                 0.0111116657355                -0.0230450748144                -0.0004941125013                -0.0217720076263                -0.0214142093097
                 0.5600000000000                 0.7718065352476                 0.0206786322490                 0.6144584189915                 0.8875819741990                -0.0026185195466                -0.0023079895613                 0.0032142684789                -0.0208663114775                -0.0004759544808                -0.0106874042082                -0.0104065048254
                 0.5800000000000                 0.7918421256773                 0.0119682355347                 0.6065633610590                 0.8860538638775                -0.0013996715709                -0.0012823057291                 0.0009992525629                -0.0179894907373                -0.0002345744044                -0.0055028170551                -0.0053739899718
                 0.6000000000000                 0.8103700651696                 0.0065858637734                 0.6024744978147                 0.8862618743221                -0.0007041941986                -0.0006651880988                 0.0003107300089                -0.0151314009780                -0.0000989646294                -0.0028696463613                -0.0028184941710
                 0.6200000000000                 0.8294258442418                 0.0034336731740                 0.6004916349993                 0.8875681206051                -0.0003298592964                -0.0003184154796                 0.0000905241336                -0.0124696289278                -0.0000365893932                -0.0014665210539                -0.0014485716708
                 0.6400000000000                 0.8497102166403                 0.0016781338214                 0.5996779619058                 0.8894458106943                -0.0001413055012                -0.0001384407195                 0.0000235632358                -0.0100502521628                -0.0000116043748                -0.0007176490291                -0.0007121829560
                 0.6600000000000                 0.8712441795965                 0.0007602280127                 0.5994733593039                 0.8915115065804                -0.0000543425526                -0.0000537538910                 0.0000052751377                -0.0078928490756                -0.0000030678553                -0.0003300039521                -0.0003285957447
                 0.6800000000000                 0.8935018073685                 0.0003160545693                 0.5995386130187                 0.8934985442400                -0.0000184477461                -0.0000183518959                 0.0000009854226                -0.0060148848428                -0.0000006583061                -0.0001403270127                -0.0001400278524
                 0.7000000000000                 0.9154795205064                 0.0001197220170                 0.5996818298665                 0.8952394716180                -0.0000054600744                -0.0000054480058                 0.0000001505912                -0.0044329753806                -0.0000001125844                -0.0000545094765                -0.0000544581189
                 0.7200000000000                 0.9358934807158                 0.0000412353400                 0.5998120037330                 0.8966530292360                -0.0000014042096                -0.0000014029841                 0.0000000187138                -0.0031550310945                -0.0000000152812                -0.0000192251771                -0.0000192181142
                 0.7400000000000                 0.9535482596536                 0.0000129643709                 0.5999010926958                 0.8977280009685                -0.0000003146529                -0.0000003145661                 0.0000000019128                -0.0021711089714                -0.0000000016675                -0.0000061689275                -0.0000061681435
                 0.7600000000000                 0.9677252595518                 0.0000037629302                 0.5999523668663                 0.8985011013006                -0.0000000626237                -0.0000000626203                 0.0000000001651                -0.0014501194263                -0.0000000001505                -0.0000018189807                -0.0000018189087
                 0.7800000000000                 0.9783510904081                 0.0000010235320                 0.5999784677360                 0.8990324235634                -0.0000000113202                -0.0000000113027                 0.0000000000135                -0.0009453396916                -0.0000000000117                -0.0000005004684                -0.0000005004627
                 0.8000000000000                 0.9858674995889                 0.0000002649519                 0.5999906455752                 0.8993851067738                -0.0000000018614                -0.0000000018701                 0.0000000000362                -0.0006050988203                -0.0000000000008                -0.0000001306624                -0.0000001306620
                 0.8200000000000                 0.9909529424630                 0.0000000658272                 0.5999960076418                 0.8996134091629                -0.0000000001938                -0.0000000001870                 0.0000000000584                -0.0003823236303                -0.0000000000000                -0.0000000328648                -0.0000000328648
                 0.8400000000000                 0.9942854538490                 0.0000000169844                 0.5999982938293                 0.8997586681576                -0.0000000000847                -0.0000000002700                -0.0000000002482                -0.0002394546056                 0.0000000000000                -0.0000000080599                -0.0000000080599
                 0.8600000000000                 0.9964221770221                 0.0000000042448                 0.5999998581544                 0.8998506392817                -0.0000000004081                 0.0000000001655                 0.0000000001156                -0.0001494147733                -0.0000000000007                -0.0000000019440                -0.0000000019439
                 0.8800000000000                 0.9977726694578                -0.0000000068568                 0.5999997907825                 0.8999072112643                 0.0000000021713                 0.0000000008314                 0.0000000017700                -0.0000925786181                 0.0000000000022                -0.0000000004632                -0.0000000004625
                 0.9000000000000                 0.9986183937673                 0.0000000090802                 0.5999998598687                 0.8999425562515                -0.0000000039570                 0.0000000001067                -0.0000000011504                -0.0000572745910                -0.0000000000024                -0.0000000001081                -0.0000000001123
                 0.9200000000000                 0.9991449304718                 0.0000000145234                 0.5999999471619                 0.8999645243109                 0.0000000000763                -0.0000000046112                -0.0000000054410                -0.0000354031468                 0.0000000000094                -0.0000000000288                -0.0000000000157
                 0.9400000000000                 0.9994715471160                 0.0000000062752                 0.5999999609086                 0.8999780659789                 0.0000000010248                -0.0000000078298                 0.0000000073441                -0.0000218503046                 0.0000000000058                -0.0000000000168                -0.0000000000105
                 0.9600000000000                 0.9996736894965                -0.0000000316114                 0.5999998910551                 0.8999863455701                -0.0000000058928                -0.0000000008565                 0.0000000450558                -0.0000134455957                 0.0000000000031                 0.0000000000177                 0.0000000000240
                 0.9800000000000                 0.9997986180590                -0.0000004774790                 0.5999997283511                 0.8999917022470                 0.0000001371539                 0.0000001262500                -0.0000000492466                -0.0000083194390                 0.0000000000089                 0.0000000000746                -0.0000000000500
                 1.0000000000000                 0.9998757591173                -0.0000019166649                 0.5999976163496                 0.8999926255264                 0.0000004295465                 0.0000003008322                 0.0000004553559                -0.0000042463754                 0.0000000000201                 0.0000000001250                 0.0000000002558
